1;arms_factory;528.00;10.35;1872.00;5.45;0
1;arms_factory;561.00;10.23;1846.00;3.29;0
1;arms_factory;598.00;10.62;1927.00;5.96;0
1;arms_factory;496.00;9.93;1918.00;2.34;0
1;arms_factory;473.00;11.25;1837.00;3.90;0
1;arms_factory;441.00;10.93;1869.00;1.74;0
1;industrial_complex;576.00;10.30;1858.00;4.40;0
1;industrial_complex;553.00;9.80;1941.00;0.79;0
1;industrial_complex;521.00;9.80;1922.00;3.81;0
1;industrial_complex;478.00;10.43;1906.00;0.19;0
1;industrial_complex;481.00;10.45;1889.00;2.85;0
1;industrial_complex;449.00;11.28;1854.00;4.41;0
1;air_base;463.00;11.45;1837.00;2.25;0
1;naval_base;544.00;9.70;1951.00;-3.06;765
1;naval_base;591.00;9.75;1949.00;-3.06;765
1;naval_base;463.00;9.80;1949.00;-3.55;765
1;bunker;481.00;10.25;1875.00;5.52;0
1;bunker;598.00;11.38;1909.00;1.90;0
1;bunker;419.00;9.93;1864.00;6.03;0
1;bunker;490.00;9.85;1867.00;1.31;0
1;bunker;540.00;9.90;1916.00;3.97;0
1;bunker;572.00;10.25;1888.00;1.81;0
1;bunker;461.00;10.07;1942.00;4.47;0
1;coastal_bunker;473.00;9.75;1949.00;-3.55;0
1;coastal_bunker;532.00;9.75;1951.00;-3.06;0
1;coastal_bunker;574.00;9.75;1949.00;-3.06;0
1;dockyard;530.00;9.70;1951.00;-3.06;0
1;anti_air_building;488.00;10.35;1902.00;4.48;0
1;anti_air_building;580.00;10.10;1872.00;0.86;0
1;anti_air_building;430.00;10.75;1803.00;3.52;0
1;synthetic_refinery;584.00;10.10;1928.00;0.26;0
1;fuel_silo;495.00;10.30;1857.00;2.93;0
1;radar_station;505.00;9.78;1873.00;6.21;0
1;rocket_site;452.00;11.05;1870.00;1.97;0
1;nuclear_reactor;580.00;10.20;1859.00;4.99;0
2;arms_factory;330.00;12.12;1358.00;5.96;0
2;arms_factory;661.00;11.85;1403.00;2.34;0
2;arms_factory;666.00;11.90;1402.00;3.90;0
2;arms_factory;379.00;10.93;1444.00;1.74;0
2;arms_factory;478.00;12.10;1432.00;4.40;0
2;arms_factory;573.00;12.20;1397.00;0.79;0
2;industrial_complex;377.00;11.45;1372.00;3.81;0
2;industrial_complex;448.00;11.80;1346.00;0.19;0
2;industrial_complex;323.00;11.78;1348.00;2.85;0
2;industrial_complex;324.00;11.73;1347.00;4.41;0
2;industrial_complex;476.00;12.32;1447.00;2.25;0
2;industrial_complex;393.00;10.70;1436.00;3.46;0
2;air_base;352.00;11.30;1436.00;1.30;0
2;bunker;465.00;10.80;1366.00;2.86;0
2;bunker;386.00;10.75;1443.00;5.52;0
2;bunker;362.00;11.40;1375.00;1.90;0
2;bunker;395.00;12.40;1316.00;6.03;0
2;bunker;602.00;12.30;1363.00;1.31;0
2;bunker;566.00;11.82;1425.00;3.97;0
2;bunker;657.00;12.30;1394.00;1.81;0
2;bunker;490.00;11.28;1384.00;4.47;0
2;bunker;311.00;10.62;1402.00;6.03;0
2;bunker;416.00;10.18;1432.00;2.41;0
2;bunker;348.00;10.88;1411.00;0.26;0
2;anti_air_building;363.00;11.65;1350.00;0.36;0
2;anti_air_building;679.00;12.30;1404.00;4.48;0
2;anti_air_building;479.00;12.03;1434.00;0.86;0
2;synthetic_refinery;438.00;10.23;1434.00;3.52;0
2;fuel_silo;601.00;11.85;1398.00;0.26;0
2;radar_station;474.00;11.03;1372.00;3.28;0
2;rocket_site;428.00;12.32;1349.00;5.59;0
2;nuclear_reactor;344.00;12.07;1350.00;1.97;0
3;arms_factory;678.00;11.30;1097.00;3.90;0
3;arms_factory;704.00;10.40;1088.00;1.74;0
3;arms_factory;822.00;11.60;1119.00;4.40;0
3;arms_factory;688.00;10.80;1097.00;0.79;0
3;arms_factory;797.00;10.50;1064.00;3.81;0
3;arms_factory;820.00;12.28;1130.00;0.19;0
3;industrial_complex;693.00;11.20;1106.00;2.85;0
3;industrial_complex;693.00;11.10;1104.00;4.41;0
3;industrial_complex;788.00;10.43;1076.00;2.25;0
3;industrial_complex;702.00;11.12;1113.00;3.46;0
3;industrial_complex;716.00;11.23;1111.00;1.30;0
3;industrial_complex;797.00;10.70;1083.00;2.86;0
3;air_base;744.00;10.95;1100.00;5.52;0
3;bunker;698.00;11.10;1118.00;1.90;0
3;bunker;712.00;9.88;1071.00;6.03;0
3;bunker;806.00;10.82;1099.00;1.31;0
3;bunker;766.00;10.78;1116.00;3.97;0
3;bunker;673.00;10.73;1077.00;1.81;0
3;anti_air_building;773.00;10.75;1117.00;4.47;0
3;anti_air_building;696.00;10.80;1042.00;6.03;0
3;anti_air_building;710.00;11.12;1037.00;2.41;0
3;synthetic_refinery;783.00;11.55;1124.00;0.26;0
3;fuel_silo;740.00;11.88;1123.00;0.36;0
3;radar_station;745.00;9.93;1085.00;4.80;0
3;rocket_site;739.00;12.30;1131.00;0.86;0
3;nuclear_reactor;769.00;11.00;1129.00;3.52;0
4;arms_factory;790.00;11.18;1895.00;4.40;0
4;arms_factory;763.00;11.00;1892.00;0.79;0
4;arms_factory;780.00;11.32;1887.00;3.81;0
4;arms_factory;700.00;10.65;1831.00;0.19;0
4;arms_factory;722.00;10.45;1827.00;2.85;0
4;arms_factory;621.00;10.50;1928.00;4.41;0
4;industrial_complex;652.00;11.23;1923.00;2.25;0
4;industrial_complex;647.00;10.20;1938.00;3.46;0
4;industrial_complex;589.00;10.88;1826.00;1.30;0
4;industrial_complex;619.00;12.43;1821.00;2.86;0
4;industrial_complex;719.00;10.38;1780.00;5.52;0
4;industrial_complex;629.00;11.10;1916.00;1.90;0
4;air_base;645.00;11.65;1911.00;6.03;0
4;naval_base;703.00;9.80;1951.00;-3.01;769
4;naval_base;768.00;9.88;1947.00;-3.18;769
4;naval_base;624.00;9.75;1947.00;-2.28;765
4;naval_base;698.00;9.80;1950.00;-3.52;769
4;bunker;653.00;12.30;1856.00;6.03;0
4;bunker;784.00;10.15;1933.00;2.41;0
4;bunker;718.00;11.80;1841.00;0.26;0
4;bunker;723.00;10.28;1801.00;0.36;0
4;bunker;701.00;11.25;1902.00;4.48;0
4;bunker;710.00;10.45;1934.00;0.86;0
4;bunker;637.00;12.60;1856.00;3.52;0
4;bunker;622.00;10.57;1926.00;0.26;0
4;bunker;628.00;11.07;1916.00;2.93;0
4;coastal_bunker;702.00;9.80;1951.00;-3.01;0
4;coastal_bunker;631.00;9.75;1947.00;-2.28;0
4;coastal_bunker;764.00;9.80;1949.00;-3.18;0
4;coastal_bunker;697.00;9.80;1950.00;-3.52;0
4;dockyard;763.00;9.80;1949.00;-3.18;0
4;anti_air_building;739.00;9.93;1825.00;0.42;0
4;anti_air_building;621.00;12.55;1837.00;3.44;0
4;anti_air_building;588.00;10.38;1835.00;4.64;0
4;synthetic_refinery;594.00;10.50;1845.00;2.48;0
4;fuel_silo;708.00;10.60;1791.00;0.32;0
4;radar_station;693.00;11.90;1864.00;1.64;0
4;rocket_site;661.00;11.28;1919.00;4.55;0
4;nuclear_reactor;684.00;11.00;1916.00;0.93;0
5;arms_factory;251.00;10.00;1920.00;3.81;0
5;arms_factory;238.00;9.90;1936.00;0.19;0
5;arms_factory;309.00;10.23;1926.00;2.85;0
5;arms_factory;272.00;9.80;1938.00;4.41;0
5;arms_factory;343.00;10.48;1929.00;2.25;0
5;arms_factory;342.00;11.57;1832.00;3.46;0
5;industrial_complex;263.00;12.90;1785.00;1.30;0
5;industrial_complex;337.00;11.57;1835.00;2.86;0
5;industrial_complex;185.00;11.50;1881.00;5.52;0
5;industrial_complex;136.00;10.70;1894.00;1.90;0
5;industrial_complex;383.00;10.55;1908.00;6.03;0
5;industrial_complex;410.00;11.32;1777.00;1.31;0
5;air_base;279.00;10.62;1906.00;3.97;0
5;naval_base;300.00;9.75;1944.00;-2.96;765
5;naval_base;375.00;9.73;1943.00;-3.58;765
5;naval_base;168.00;9.53;1937.00;-2.96;765
5;naval_base;272.00;9.75;1942.00;-2.80;765
5;naval_base;110.00;9.80;1914.00;-2.66;765
5;bunker;328.00;11.00;1766.00;0.36;0
5;bunker;378.00;9.90;1840.00;4.48;0
5;bunker;316.00;10.18;1932.00;0.86;0
5;bunker;252.00;10.50;1870.00;3.52;0
5;bunker;255.00;12.70;1792.00;0.26;0
5;bunker;206.00;9.95;1936.00;2.93;0
5;bunker;236.00;10.00;1932.00;5.59;0
5;bunker;208.00;10.10;1831.00;1.97;0
5;bunker;147.00;10.73;1900.00;4.99;0
5;bunker;294.00;11.75;1869.00;6.20;0
5;bunker;308.00;12.70;1832.00;4.04;0
5;bunker;409.00;10.28;1931.00;0.42;0
5;bunker;305.00;10.80;1752.00;3.44;0
5;bunker;419.00;10.50;1877.00;4.64;0
5;bunker;381.00;9.80;1860.00;2.48;0
5;bunker;198.00;10.38;1810.00;0.32;0
5;coastal_bunker;158.00;9.78;1934.00;-2.66;0
5;coastal_bunker;266.00;9.70;1941.00;-2.80;0
5;coastal_bunker;176.00;9.78;1938.00;-2.96;0
5;coastal_bunker;366.00;9.75;1945.00;-3.58;0
5;coastal_bunker;302.00;9.75;1944.00;-2.96;0
5;dockyard;116.00;9.78;1917.00;-2.66;0
5;anti_air_building;367.00;11.00;1743.00;4.20;0
5;anti_air_building;250.00;10.75;1861.00;0.94;0
5;anti_air_building;358.00;11.05;1803.00;3.60;0
5;synthetic_refinery;245.00;10.45;1864.00;6.26;0
5;fuel_silo;215.00;10.45;1848.00;4.10;0
5;radar_station;274.00;11.80;1844.00;5.94;0
5;rocket_site;173.00;11.20;1851.00;2.05;0
5;nuclear_reactor;361.00;11.40;1789.00;4.71;0
6;arms_factory;815.00;11.50;1870.00;2.85;0
6;arms_factory;961.00;10.00;1727.00;4.41;0
6;arms_factory;946.00;9.95;1810.00;2.25;0
6;arms_factory;1044.00;10.10;1769.00;3.46;0
6;arms_factory;887.00;10.40;1822.00;1.30;0
6;arms_factory;967.00;10.30;1767.00;2.86;0
6;industrial_complex;973.00;9.80;1843.00;5.52;0
6;industrial_complex;978.00;9.80;1805.00;1.90;0
6;industrial_complex;967.00;12.05;1685.00;6.03;0
6;industrial_complex;969.00;11.10;1709.00;1.31;0
6;industrial_complex;1013.00;11.05;1709.00;3.97;0
6;industrial_complex;895.00;10.35;1786.00;1.81;0
6;air_base;930.00;10.20;1834.00;4.47;0
6;naval_base;926.00;9.75;1868.00;-3.68;769
6;naval_base;1012.00;9.82;1824.00;-3.52;769
6;naval_base;1055.00;9.82;1791.00;-3.40;769
6;naval_base;818.00;9.82;1926.00;-4.01;769
6;naval_base;895.00;9.73;1897.00;-3.93;769
6;bunker;832.00;10.90;1874.00;0.86;0
6;bunker;885.00;10.57;1840.00;3.52;0
6;bunker;953.00;10.10;1837.00;0.26;0
6;bunker;830.00;10.03;1796.00;2.93;0
6;bunker;979.00;9.78;1809.00;5.59;0
6;bunker;1016.00;10.43;1792.00;1.97;0
6;bunker;984.00;11.95;1694.00;4.99;0
6;bunker;833.00;11.60;1837.00;6.20;0
6;bunker;1043.00;9.80;1744.00;4.04;0
6;bunker;908.00;10.35;1788.00;0.42;0
6;bunker;863.00;10.75;1746.00;3.44;0
6;bunker;924.00;11.85;1674.00;4.64;0
6;bunker;932.00;9.70;1729.00;2.48;0
6;bunker;830.00;9.98;1905.00;0.32;0
6;coastal_bunker;1047.00;9.80;1799.00;-3.40;0
6;coastal_bunker;994.00;9.70;1836.00;-3.52;0
6;coastal_bunker;928.00;9.80;1866.00;-3.68;0
6;coastal_bunker;858.00;9.80;1915.00;-4.01;0
6;coastal_bunker;894.00;9.70;1900.00;-3.93;0
6;dockyard;1055.00;9.80;1792.00;-3.40;0
6;anti_air_building;918.00;10.10;1771.00;4.20;0
6;anti_air_building;911.00;10.00;1808.00;0.94;0
6;anti_air_building;807.00;11.62;1836.00;3.60;0
6;synthetic_refinery;848.00;10.68;1873.00;6.26;0
6;fuel_silo;901.00;10.00;1753.00;4.10;0
6;radar_station;919.00;9.85;1796.00;5.94;0
6;rocket_site;864.00;11.30;1795.00;2.05;0
6;nuclear_reactor;882.00;10.28;1857.00;4.71;0
7;arms_factory;665.00;11.57;1814.00;2.25;0
7;arms_factory;561.00;11.50;1648.00;3.46;0
7;arms_factory;569.00;11.85;1711.00;1.30;0
7;arms_factory;686.00;10.90;1759.00;2.86;0
7;arms_factory;504.00;9.88;1793.00;5.52;0
7;arms_factory;655.00;11.88;1742.00;1.90;0
7;industrial_complex;632.00;11.18;1689.00;6.03;0
7;industrial_complex;622.00;12.43;1817.00;1.31;0
7;industrial_complex;507.00;9.88;1764.00;3.97;0
7;industrial_complex;618.00;10.68;1781.00;1.81;0
7;industrial_complex;683.00;10.80;1761.00;4.47;0
7;industrial_complex;666.00;10.93;1786.00;6.03;0
7;air_base;517.00;9.90;1797.00;2.41;0
7;bunker;622.00;11.85;1692.00;0.26;0
7;bunker;520.00;9.93;1782.00;0.36;0
7;bunker;599.00;12.28;1691.00;4.48;0
7;bunker;574.00;10.65;1816.00;0.86;0
7;bunker;662.00;11.45;1806.00;3.52;0
7;bunker;552.00;10.35;1754.00;0.26;0
7;bunker;652.00;10.80;1774.00;2.93;0
7;bunker;574.00;11.25;1653.00;5.59;0
7;bunker;707.00;11.18;1732.00;1.97;0
7;anti_air_building;658.00;11.68;1824.00;4.99;0
7;anti_air_building;499.00;10.20;1771.00;6.20;0
7;anti_air_building;641.00;10.40;1650.00;4.04;0
7;synthetic_refinery;703.00;10.30;1767.00;0.42;0
7;fuel_silo;574.00;10.57;1774.00;3.44;0
7;radar_station;591.00;12.73;1732.00;5.76;0
7;rocket_site;634.00;11.45;1704.00;2.48;0
7;nuclear_reactor;567.00;11.00;1812.00;0.32;0
8;arms_factory;1163.00;10.60;1668.00;1.30;0
8;arms_factory;1084.00;10.70;1723.00;2.86;0
8;arms_factory;1054.00;11.18;1623.00;5.52;0
8;arms_factory;1115.00;10.85;1590.00;1.90;0
8;arms_factory;1254.00;11.80;1567.00;6.03;0
8;arms_factory;1141.00;10.30;1681.00;1.31;0
8;industrial_complex;1120.00;10.10;1729.00;3.97;0
8;industrial_complex;1071.00;11.90;1531.00;1.81;0
8;industrial_complex;1134.00;10.70;1609.00;4.47;0
8;industrial_complex;1287.00;11.25;1577.00;6.03;0
8;industrial_complex;1341.00;10.80;1528.00;2.41;0
8;industrial_complex;1086.00;10.40;1736.00;0.26;0
8;air_base;1105.00;12.90;1540.00;0.36;0
8;naval_base;1236.00;9.80;1669.00;-3.90;748
8;naval_base;1348.00;9.85;1610.00;-3.52;748
8;naval_base;1112.00;9.80;1748.00;-4.28;769
8;naval_base;1381.00;9.85;1590.00;-3.82;748
8;naval_base;1191.00;9.80;1696.00;-4.56;748
8;naval_base;1260.00;9.80;1656.00;-3.30;748
8;bunker;1136.00;10.10;1715.00;1.97;0
8;bunker;1122.00;10.03;1729.00;4.99;0
8;bunker;1224.00;11.05;1448.00;6.20;0
8;bunker;1366.00;10.90;1523.00;4.04;0
8;bunker;1218.00;12.60;1528.00;0.42;0
8;bunker;1266.00;11.05;1588.00;3.44;0
8;bunker;1134.00;10.85;1601.00;4.64;0
8;bunker;1084.00;9.93;1762.00;2.48;0
8;bunker;1135.00;11.78;1484.00;0.32;0
8;bunker;1145.00;10.80;1661.00;0.43;0
8;bunker;1222.00;10.82;1637.00;4.55;0
8;bunker;1166.00;12.03;1447.00;0.93;0
8;bunker;1325.00;11.35;1561.00;2.49;0
8;bunker;1035.00;12.12;1651.00;5.15;0
8;bunker;1111.00;10.82;1595.00;2.99;0
8;bunker;1306.00;11.50;1569.00;4.20;0
8;bunker;1077.00;10.93;1636.00;0.94;0
8;bunker;1101.00;13.10;1477.00;3.60;0
8;bunker;1178.00;12.68;1528.00;6.26;0
8;bunker;1197.00;11.60;1597.00;4.10;0
8;bunker;1250.00;10.90;1595.00;5.66;0
8;bunker;1301.00;10.55;1609.00;2.05;0
8;coastal_bunker;1077.00;9.78;1775.00;-4.28;0
8;coastal_bunker;1258.00;9.80;1658.00;-3.30;0
8;coastal_bunker;1288.00;9.78;1642.00;-3.52;0
8;coastal_bunker;1144.00;9.78;1724.00;-2.82;0
8;coastal_bunker;1212.00;9.78;1684.00;-3.90;0
8;coastal_bunker;1361.00;9.80;1602.00;-3.82;0
8;dockyard;1311.00;9.78;1633.00;-3.52;0
8;anti_air_building;1155.00;12.18;1456.00;5.22;0
8;anti_air_building;1304.00;11.35;1562.00;3.06;0
8;anti_air_building;1297.00;10.88;1602.00;3.16;0
8;synthetic_refinery;1068.00;11.18;1644.00;1.00;0
8;fuel_silo;1270.00;10.35;1513.00;3.67;0
8;radar_station;1185.00;12.00;1607.00;1.30;0
8;rocket_site;1260.00;11.60;1572.00;1.61;0
8;nuclear_reactor;1228.00;9.82;1673.00;5.73;0
9;arms_factory;50.00;10.45;1743.00;5.52;0
9;arms_factory;47.00;10.10;1598.00;1.90;0
9;arms_factory;61.00;10.82;1754.00;6.03;0
9;arms_factory;126.00;10.48;1811.00;1.31;0
9;arms_factory;84.00;9.95;1814.00;3.97;0
9;arms_factory;81.00;10.20;1670.00;1.81;0
9;industrial_complex;121.00;10.55;1876.00;4.47;0
9;industrial_complex;75.00;11.12;1763.00;6.03;0
9;industrial_complex;91.00;10.80;1706.00;2.41;0
9;industrial_complex;53.00;10.23;1682.00;0.26;0
9;industrial_complex;116.00;10.07;1832.00;0.36;0
9;industrial_complex;84.00;9.73;1842.00;4.48;0
9;air_base;101.00;11.40;1721.00;0.86;0
9;naval_base;27.00;9.50;1584.00;-1.34;765
9;naval_base;31.00;9.50;1655.00;-2.01;765
9;naval_base;39.00;9.50;1747.00;-1.82;765
9;naval_base;63.00;9.50;1831.00;-1.93;765
9;naval_base;31.00;9.50;1678.00;-1.89;765
9;naval_base;82.00;9.50;1896.00;-2.37;765
9;naval_base;45.00;9.60;1772.00;-1.71;765
9;bunker;94.00;9.95;1658.00;4.04;0
9;bunker;109.00;10.15;1866.00;0.42;0
9;bunker;116.00;10.55;1808.00;3.44;0
9;bunker;64.00;10.93;1739.00;4.64;0
9;bunker;81.00;9.80;1833.00;2.48;0
9;bunker;137.00;11.20;1783.00;0.32;0
9;bunker;100.00;9.95;1686.00;0.43;0
9;bunker;46.00;10.38;1585.00;4.55;0
9;bunker;53.00;10.23;1618.00;0.93;0
9;coastal_bunker;31.00;9.50;1619.00;-2.01;0
9;coastal_bunker;29.00;9.60;1567.00;-1.34;0
9;coastal_bunker;82.00;9.70;1895.00;-2.37;0
9;coastal_bunker;31.00;9.50;1687.00;-1.89;0
9;coastal_bunker;39.00;9.50;1749.00;-1.82;0
9;coastal_bunker;64.00;9.50;1838.00;-1.93;0
9;coastal_bunker;55.00;9.50;1794.00;-1.71;0
9;dockyard;31.00;9.50;1644.00;-2.01;0
9;anti_air_building;75.00;11.00;1733.00;5.66;0
9;anti_air_building;40.00;10.20;1583.00;2.05;0
9;anti_air_building;84.00;10.05;1660.00;4.71;0
9;synthetic_refinery;164.00;10.35;1802.00;2.55;0
9;fuel_silo;117.00;11.12;1753.00;4.11;0
9;radar_station;108.00;11.48;1727.00;1.07;0
9;rocket_site;129.00;10.60;1870.00;3.15;0
9;nuclear_reactor;85.00;11.50;1756.00;6.18;0
10;arms_factory;704.00;10.90;1621.00;6.03;0
10;arms_factory;666.00;10.70;1650.00;1.31;0
10;arms_factory;765.00;10.10;1668.00;3.97;0
10;arms_factory;762.00;12.18;1612.00;1.81;0
10;arms_factory;773.00;10.73;1720.00;4.47;0
10;arms_factory;767.00;11.00;1727.00;6.03;0
10;industrial_complex;654.00;10.93;1462.00;2.41;0
10;industrial_complex;695.00;11.15;1671.00;0.26;0
10;industrial_complex;743.00;11.10;1781.00;0.36;0
10;industrial_complex;662.00;11.07;1687.00;4.48;0
10;industrial_complex;654.00;11.20;1579.00;0.86;0
10;industrial_complex;740.00;10.48;1702.00;3.52;0
10;air_base;665.00;10.53;1590.00;0.26;0
10;bunker;782.00;9.93;1795.00;2.93;0
10;bunker;665.00;10.75;1546.00;5.59;0
10;bunker;695.00;10.95;1606.00;1.97;0
10;bunker;772.00;10.40;1659.00;4.99;0
10;bunker;820.00;10.00;1767.00;6.20;0
10;bunker;652.00;11.88;1718.00;4.04;0
10;bunker;661.00;10.30;1630.00;0.42;0
10;bunker;811.00;9.85;1698.00;3.44;0
10;bunker;751.00;11.57;1619.00;4.64;0
10;bunker;674.00;10.88;1532.00;2.48;0
10;bunker;736.00;10.30;1658.00;0.32;0
10;bunker;730.00;10.82;1774.00;0.43;0
10;anti_air_building;732.00;11.05;1728.00;4.55;0
10;anti_air_building;758.00;10.15;1786.00;0.93;0
10;anti_air_building;663.00;10.25;1630.00;2.49;0
10;synthetic_refinery;704.00;11.10;1661.00;5.15;0
10;fuel_silo;806.00;9.78;1722.00;2.99;0
10;radar_station;724.00;10.75;1646.00;4.53;0
10;rocket_site;668.00;11.50;1458.00;0.94;0
10;nuclear_reactor;736.00;11.38;1739.00;3.60;0
11;arms_factory;604.00;10.25;1464.00;3.97;0
11;arms_factory;376.00;11.62;1722.00;1.81;0
11;arms_factory;485.00;12.40;1583.00;4.47;0
11;arms_factory;625.00;9.85;1515.00;6.03;0
11;arms_factory;533.00;11.90;1483.00;2.41;0
11;arms_factory;532.00;11.53;1553.00;0.26;0
11;industrial_complex;452.00;10.65;1662.00;0.36;0
11;industrial_complex;423.00;12.15;1710.00;4.48;0
11;industrial_complex;578.00;10.40;1588.00;0.86;0
11;industrial_complex;376.00;10.62;1692.00;3.52;0
11;industrial_complex;337.00;10.78;1734.00;0.26;0
11;industrial_complex;520.00;12.75;1505.00;2.93;0
11;air_base;481.00;10.30;1693.00;5.59;0
11;bunker;499.00;10.70;1638.00;1.97;0
11;bunker;442.00;11.60;1636.00;4.99;0
11;bunker;554.00;12.20;1494.00;6.20;0
11;bunker;615.00;10.88;1478.00;4.04;0
11;bunker;518.00;11.88;1718.00;0.42;0
11;bunker;568.00;10.15;1591.00;3.44;0
11;bunker;593.00;11.50;1553.00;4.64;0
11;bunker;445.00;11.12;1722.00;2.48;0
11;bunker;542.00;12.23;1679.00;0.32;0
11;bunker;452.00;11.40;1533.00;0.43;0
11;bunker;595.00;10.78;1512.00;4.55;0
11;bunker;507.00;12.90;1487.00;0.93;0
11;bunker;476.00;12.60;1553.00;2.49;0
11;bunker;337.00;11.53;1689.00;5.15;0
11;bunker;451.00;10.23;1798.00;2.99;0
11;bunker;396.00;11.05;1664.00;4.20;0
11;bunker;386.00;11.40;1716.00;0.94;0
11;bunker;507.00;12.05;1603.00;3.60;0
11;bunker;450.00;11.70;1625.00;6.26;0
11;anti_air_building;496.00;10.65;1692.00;4.10;0
11;anti_air_building;572.00;12.10;1537.00;5.66;0
11;anti_air_building;531.00;12.45;1708.00;2.05;0
11;synthetic_refinery;410.00;11.03;1627.00;4.71;0
11;fuel_silo;453.00;11.43;1635.00;2.55;0
11;radar_station;488.00;10.80;1629.00;4.76;0
11;rocket_site;465.00;12.25;1552.00;0.49;0
11;nuclear_reactor;457.00;11.75;1506.00;3.15;0
12;arms_factory;112.00;10.23;1584.00;4.47;0
12;arms_factory;262.00;11.65;1679.00;6.03;0
12;arms_factory;251.00;11.60;1675.00;2.41;0
12;arms_factory;200.00;10.95;1496.00;0.26;0
12;arms_factory;214.00;10.40;1492.00;0.36;0
12;arms_factory;139.00;10.90;1514.00;4.48;0
12;industrial_complex;220.00;11.38;1659.00;0.86;0
12;industrial_complex;156.00;11.40;1614.00;3.52;0
12;industrial_complex;275.00;12.45;1635.00;0.26;0
12;industrial_complex;222.00;10.70;1478.00;2.93;0
12;industrial_complex;175.00;10.45;1497.00;5.59;0
12;industrial_complex;111.00;10.80;1504.00;1.97;0
12;air_base;180.00;11.50;1598.00;4.99;0
12;naval_base;33.00;9.50;1540.00;-1.12;765
12;naval_base;63.00;9.50;1457.00;-1.11;765
12;bunker;121.00;11.35;1484.00;0.42;0
12;bunker;205.00;10.45;1479.00;3.44;0
12;bunker;144.00;10.90;1549.00;4.64;0
12;bunker;144.00;11.20;1627.00;2.48;0
12;bunker;60.00;10.10;1545.00;0.32;0
12;bunker;133.00;11.18;1520.00;0.43;0
12;bunker;294.00;12.35;1702.00;4.55;0
12;bunker;210.00;9.82;1557.00;0.93;0
12;bunker;252.00;11.30;1657.00;2.49;0
12;bunker;226.00;11.38;1631.00;5.15;0
12;bunker;206.00;11.65;1696.00;2.99;0
12;bunker;228.00;11.40;1727.00;4.20;0
12;bunker;103.00;11.20;1459.00;0.94;0
12;bunker;188.00;12.78;1742.00;3.60;0
12;bunker;202.00;12.12;1719.00;6.26;0
12;bunker;96.00;10.70;1557.00;4.10;0
12;bunker;182.00;10.70;1445.00;5.66;0
12;coastal_bunker;59.00;9.57;1466.00;-1.11;0
12;coastal_bunker;33.00;9.55;1543.00;-1.12;0
12;dockyard;40.00;9.50;1521.00;-1.12;0
12;anti_air_building;167.00;11.88;1598.00;4.11;0
12;anti_air_building;206.00;12.07;1727.00;0.49;0
12;anti_air_building;202.00;11.80;1704.00;3.15;0
12;synthetic_refinery;167.00;11.28;1483.00;6.18;0
12;fuel_silo;104.00;10.85;1492.00;1.10;0
12;radar_station;174.00;11.78;1602.00;6.18;0
12;rocket_site;163.00;10.78;1583.00;3.06;0
12;nuclear_reactor;172.00;11.80;1689.00;3.16;0
13;arms_factory;852.00;12.73;1588.00;2.41;0
13;arms_factory;959.00;11.38;1481.00;0.26;0
13;arms_factory;1065.00;12.15;1499.00;0.36;0
13;arms_factory;812.00;11.88;1498.00;4.48;0
13;arms_factory;932.00;12.48;1604.00;0.86;0
13;arms_factory;943.00;11.65;1520.00;3.52;0
13;industrial_complex;814.00;12.18;1589.00;0.26;0
13;industrial_complex;901.00;11.57;1454.00;2.93;0
13;industrial_complex;962.00;12.85;1633.00;5.59;0
13;industrial_complex;1050.00;12.50;1489.00;1.97;0
13;industrial_complex;851.00;11.50;1621.00;4.99;0
13;industrial_complex;880.00;12.57;1622.00;6.20;0
13;air_base;723.00;12.18;1453.00;4.04;0
13;bunker;1003.00;11.50;1508.00;0.42;0
13;bunker;880.00;12.50;1546.00;3.44;0
13;bunker;976.00;12.82;1649.00;4.64;0
13;bunker;753.00;10.85;1497.00;2.48;0
13;bunker;840.00;9.90;1718.00;0.32;0
13;bunker;717.00;11.70;1539.00;0.43;0
13;bunker;937.00;11.30;1530.00;4.55;0
13;bunker;954.00;11.60;1495.00;0.93;0
13;bunker;842.00;12.40;1598.00;2.49;0
13;bunker;774.00;11.05;1572.00;5.15;0
13;bunker;827.00;12.18;1533.00;2.99;0
13;bunker;791.00;10.98;1536.00;4.20;0
13;bunker;1050.00;11.95;1565.00;0.94;0
13;bunker;1068.00;11.75;1511.00;3.60;0
13;bunker;1006.00;11.90;1557.00;6.26;0
13;bunker;963.00;10.60;1569.00;4.10;0
13;bunker;867.00;12.40;1511.00;5.66;0
13;bunker;905.00;11.75;1625.00;2.05;0
13;anti_air_building;889.00;12.78;1568.00;4.71;0
13;anti_air_building;993.00;12.45;1607.00;2.55;0
13;anti_air_building;942.00;10.28;1471.00;4.11;0
13;synthetic_refinery;1008.00;11.78;1469.00;0.49;0
13;fuel_silo;1070.00;12.10;1536.00;3.15;0
13;radar_station;891.00;12.68;1587.00;0.65;0
13;rocket_site;1056.00;11.80;1512.00;1.10;0
13;nuclear_reactor;858.00;12.05;1511.00;5.22;0
14;arms_factory;297.00;11.80;1671.00;0.36;0
14;arms_factory;366.00;10.32;1498.00;4.48;0
14;arms_factory;359.00;11.05;1587.00;0.86;0
14;arms_factory;388.00;9.70;1509.00;3.52;0
14;arms_factory;369.00;11.05;1589.00;0.26;0
14;arms_factory;386.00;9.98;1519.00;2.93;0
14;industrial_complex;364.00;10.50;1604.00;5.59;0
14;industrial_complex;304.00;12.10;1613.00;1.97;0
14;industrial_complex;386.00;10.50;1615.00;4.99;0
14;industrial_complex;267.00;10.00;1551.00;6.20;0
14;industrial_complex;387.00;10.50;1616.00;4.04;0
14;industrial_complex;252.00;10.10;1565.00;0.42;0
14;air_base;371.00;10.00;1626.00;3.44;0
14;bunker;263.00;10.15;1566.00;4.64;0
14;bunker;366.00;10.30;1499.00;2.48;0
14;bunker;371.00;10.90;1543.00;0.32;0
14;bunker;335.00;11.88;1645.00;0.43;0
14;bunker;326.00;11.28;1527.00;4.55;0
14;bunker;241.00;10.78;1466.00;0.93;0
14;bunker;327.00;12.32;1597.00;2.49;0
14;bunker;363.00;10.55;1604.00;5.15;0
14;bunker;318.00;10.95;1464.00;2.99;0
14;bunker;410.00;11.53;1566.00;4.20;0
14;bunker;459.00;11.80;1452.00;0.94;0
14;bunker;415.00;10.15;1460.00;3.60;0
14;anti_air_building;339.00;11.93;1577.00;6.26;0
14;anti_air_building;297.00;9.80;1545.00;4.10;0
14;anti_air_building;192.00;10.05;1437.00;5.66;0
14;synthetic_refinery;319.00;10.85;1546.00;2.05;0
14;fuel_silo;288.00;11.00;1459.00;4.71;0
14;radar_station;344.00;12.65;1560.00;1.83;0
14;rocket_site;274.00;11.55;1460.00;4.11;0
14;nuclear_reactor;328.00;11.50;1586.00;0.49;0
15;arms_factory;1303.00;11.90;1451.00;0.86;0
15;arms_factory;1289.00;10.53;1486.00;3.52;0
15;arms_factory;1401.00;10.03;1576.00;0.26;0
15;arms_factory;1281.00;10.95;1480.00;2.93;0
15;arms_factory;1420.00;10.23;1562.00;5.59;0
15;arms_factory;1468.00;11.60;1450.00;1.97;0
15;industrial_complex;1438.00;9.98;1553.00;4.99;0
15;industrial_complex;1436.00;11.43;1445.00;6.20;0
15;industrial_complex;1456.00;11.48;1474.00;4.04;0
15;industrial_complex;1475.00;11.60;1439.00;0.42;0
15;industrial_complex;1418.00;11.93;1468.00;3.44;0
15;industrial_complex;1286.00;10.62;1486.00;4.64;0
15;air_base;1333.00;11.30;1440.00;2.48;0
15;naval_base;1549.00;9.80;1454.00;-4.14;758
15;naval_base;1458.00;9.80;1543.00;1.35;758
15;naval_base;1467.00;9.80;1534.00;-3.53;758
15;bunker;1435.00;10.10;1553.00;0.93;0
15;bunker;1515.00;9.90;1488.00;2.49;0
15;bunker;1386.00;10.90;1445.00;5.15;0
15;bunker;1393.00;11.15;1530.00;2.99;0
15;bunker;1434.00;12.05;1469.00;4.20;0
15;bunker;1347.00;11.68;1466.00;0.94;0
15;bunker;1468.00;10.32;1514.00;3.60;0
15;coastal_bunker;1530.00;9.80;1484.00;-4.14;0
15;coastal_bunker;1411.00;9.85;1575.00;-3.66;0
15;coastal_bunker;1465.00;9.82;1536.00;-3.53;0
15;dockyard;1435.00;9.85;1561.00;-3.66;0
15;anti_air_building;1368.00;10.65;1454.00;4.71;0
15;anti_air_building;1421.00;10.82;1546.00;2.55;0
15;anti_air_building;1468.00;11.53;1439.00;4.11;0
15;synthetic_refinery;1409.00;11.00;1540.00;0.49;0
15;fuel_silo;1423.00;11.00;1434.00;3.15;0
15;radar_station;1415.00;11.50;1509.00;0.65;0
15;rocket_site;1397.00;11.23;1532.00;1.10;0
15;nuclear_reactor;1506.00;9.95;1488.00;5.22;0
16;arms_factory;117.00;10.60;1170.00;0.26;0
16;arms_factory;135.00;10.62;1312.00;2.93;0
16;arms_factory;153.00;10.40;1318.00;5.59;0
16;arms_factory;178.00;10.73;1174.00;1.97;0
16;arms_factory;231.00;11.50;1282.00;4.99;0
16;arms_factory;247.00;11.45;1285.00;6.20;0
16;industrial_complex;104.00;10.75;1367.00;4.04;0
16;industrial_complex;104.00;10.75;1354.00;0.42;0
16;industrial_complex;109.00;10.15;1136.00;3.44;0
16;industrial_complex;121.00;10.60;1144.00;4.64;0
16;industrial_complex;116.00;11.25;1423.00;2.48;0
16;industrial_complex;169.00;10.75;1298.00;0.32;0
16;air_base;131.00;10.90;1302.00;0.43;0
16;naval_base;102.00;9.50;1185.00;-1.20;765
16;naval_base;88.00;9.50;1308.00;-1.48;765
16;naval_base;75.00;9.50;1392.00;-1.22;765
16;naval_base;96.00;9.50;1254.00;-1.57;765
16;bunker;124.00;11.62;1339.00;2.99;0
16;bunker;172.00;11.35;1334.00;4.20;0
16;bunker;256.00;10.45;1323.00;0.94;0
16;bunker;235.00;11.90;1421.00;3.60;0
16;bunker;96.00;9.80;1260.00;6.26;0
16;bunker;94.00;10.90;1390.00;4.10;0
16;bunker;169.00;10.75;1302.00;5.66;0
16;bunker;213.00;11.20;1296.00;2.05;0
16;bunker;130.00;11.70;1345.00;4.71;0
16;bunker;172.00;10.82;1173.00;2.55;0
16;bunker;156.00;10.20;1137.00;4.11;0
16;bunker;125.00;10.65;1163.00;0.49;0
16;coastal_bunker;102.00;9.50;1143.00;-1.20;0
16;coastal_bunker;88.00;9.50;1321.00;-1.48;0
16;coastal_bunker;98.00;9.50;1228.00;-1.57;0
16;coastal_bunker;74.00;9.50;1418.00;-1.22;0
16;dockyard;86.00;9.50;1295.00;-1.48;0
16;anti_air_building;105.00;10.65;1285.00;3.16;0
16;anti_air_building;222.00;10.60;1247.00;1.00;0
16;anti_air_building;129.00;10.80;1312.00;3.67;0
16;synthetic_refinery;92.00;10.07;1302.00;0.05;0
16;fuel_silo;181.00;12.05;1351.00;1.61;0
16;radar_station;193.00;9.98;1272.00;5.72;0
16;rocket_site;181.00;10.20;1253.00;0.65;0
16;nuclear_reactor;160.00;9.78;1258.00;4.78;0
17;arms_factory;1320.00;12.70;1210.00;5.59;0
17;arms_factory;1213.00;12.38;1237.00;1.97;0
17;arms_factory;1342.00;10.55;1314.00;4.99;0
17;arms_factory;1078.00;10.40;1406.00;6.20;0
17;arms_factory;1101.00;12.05;1311.00;4.04;0
17;arms_factory;1408.00;12.15;1334.00;0.42;0
17;industrial_complex;1355.00;11.18;1325.00;3.44;0
17;industrial_complex;1282.00;12.53;1240.00;4.64;0
17;industrial_complex;1156.00;9.95;1314.00;2.48;0
17;industrial_complex;1368.00;11.20;1397.00;0.32;0
17;industrial_complex;1190.00;11.75;1258.00;0.43;0
17;industrial_complex;1166.00;11.25;1284.00;4.55;0
17;air_base;1454.00;11.88;1414.00;0.93;0
17;bunker;1238.00;11.55;1213.00;2.49;0
17;bunker;1196.00;10.98;1373.00;5.15;0
17;bunker;1304.00;11.78;1428.00;2.99;0
17;bunker;1227.00;10.98;1360.00;4.20;0
17;bunker;1148.00;9.90;1330.00;0.94;0
17;bunker;1256.00;10.70;1309.00;3.60;0
17;bunker;1129.00;11.28;1381.00;6.26;0
17;bunker;1315.00;10.78;1372.00;4.10;0
17;bunker;1284.00;12.98;1197.00;5.66;0
17;bunker;1094.00;12.40;1311.00;2.05;0
17;bunker;1429.00;11.40;1382.00;4.71;0
17;bunker;1154.00;10.65;1228.00;2.55;0
17;bunker;1265.00;9.90;1411.00;4.11;0
17;bunker;1276.00;13.12;1210.00;0.49;0
17;bunker;1239.00;11.60;1285.00;3.15;0
17;bunker;1399.00;11.25;1408.00;6.18;0
17;bunker;1018.00;12.07;1430.00;1.10;0
17;bunker;1195.00;11.15;1287.00;5.22;0
17;bunker;1385.00;11.90;1347.00;3.06;0
17;bunker;1085.00;10.60;1389.00;3.16;0
17;bunker;1163.00;12.15;1424.00;1.00;0
17;bunker;1337.00;10.50;1318.00;3.67;0
17;bunker;1303.00;13.00;1213.00;0.05;0
17;bunker;1198.00;11.45;1421.00;1.61;0
17;anti_air_building;1190.00;11.50;1252.00;5.73;0
17;anti_air_building;1348.00;10.30;1239.00;0.65;0
17;anti_air_building;1316.00;10.55;1300.00;4.78;0
17;synthetic_refinery;1169.00;11.30;1279.00;0.06;0
17;fuel_silo;1088.00;10.30;1402.00;4.18;0
17;radar_station;1227.00;11.30;1289.00;0.84;0
17;rocket_site;1388.00;11.62;1330.00;2.12;0
17;nuclear_reactor;1276.00;11.40;1427.00;6.24;0
18;arms_factory;588.00;10.70;1153.00;6.20;0
18;arms_factory;562.00;12.32;1201.00;4.04;0
18;arms_factory;620.00;11.88;1197.00;0.42;0
18;arms_factory;564.00;10.70;1161.00;3.44;0
18;arms_factory;709.00;13.00;1446.00;4.64;0
18;arms_factory;834.00;13.10;1248.00;2.48;0
18;industrial_complex;740.00;12.95;1397.00;0.32;0
18;industrial_complex;517.00;11.05;1202.00;0.43;0
18;industrial_complex;794.00;11.15;1254.00;4.55;0
18;industrial_complex;641.00;13.10;1385.00;0.93;0
18;industrial_complex;553.00;13.00;1253.00;2.49;0
18;industrial_complex;624.00;12.57;1347.00;5.15;0
18;air_base;786.00;12.05;1396.00;2.99;0
18;bunker;577.00;12.93;1261.00;4.20;0
18;bunker;706.00;13.03;1428.00;0.94;0
18;bunker;447.00;11.48;1241.00;3.60;0
18;bunker;751.00;10.48;1305.00;6.26;0
18;bunker;636.00;11.35;1258.00;4.10;0
18;bunker;589.00;11.38;1316.00;5.66;0
18;bunker;815.00;12.45;1266.00;2.05;0
18;bunker;554.00;11.05;1091.00;4.71;0
18;bunker;577.00;10.60;1152.00;2.55;0
18;bunker;680.00;10.12;1304.00;4.11;0
18;bunker;498.00;11.88;1341.00;0.49;0
18;bunker;650.00;11.93;1149.00;3.15;0
18;bunker;568.00;13.10;1244.00;6.18;0
18;bunker;810.00;10.98;1407.00;1.10;0
18;bunker;750.00;13.03;1154.00;5.22;0
18;bunker;540.00;11.43;1185.00;3.06;0
18;bunker;775.00;10.90;1192.00;3.16;0
18;bunker;646.00;12.90;1092.00;1.00;0
18;bunker;665.00;12.00;1342.00;3.67;0
18;bunker;646.00;11.55;1225.00;0.05;0
18;bunker;547.00;10.88;1339.00;1.61;0
18;bunker;517.00;11.57;1265.00;5.73;0
18;bunker;421.00;11.65;1296.00;0.65;0
18;bunker;754.00;10.43;1272.00;4.78;0
18;bunker;774.00;13.05;1391.00;0.06;0
18;bunker;622.00;12.68;1093.00;4.18;0
18;bunker;758.00;11.85;1442.00;0.56;0
18;bunker;716.00;11.50;1196.00;2.12;0
18;anti_air_building;760.00;11.70;1322.00;6.24;0
18;anti_air_building;713.00;13.12;1413.00;1.17;0
18;anti_air_building;756.00;10.57;1286.00;5.29;0
18;synthetic_refinery;446.00;12.25;1315.00;0.57;0
18;fuel_silo;755.00;12.45;1420.00;3.23;0
18;radar_station;630.00;12.45;1235.00;0.38;0
18;rocket_site;655.00;11.30;1306.00;3.73;0
18;nuclear_reactor;512.00;11.28;1186.00;3.84;0
19;arms_factory;1179.00;10.10;1084.00;0.42;0
19;arms_factory;1115.00;11.65;1083.00;3.44;0
19;arms_factory;888.00;11.50;1182.00;4.64;0
19;arms_factory;936.00;12.28;1366.00;2.48;0
19;arms_factory;1083.00;11.30;1184.00;0.32;0
19;arms_factory;1135.00;11.80;1076.00;0.43;0
19;industrial_complex;1029.00;11.35;1255.00;4.55;0
19;industrial_complex;831.00;12.73;1145.00;0.93;0
19;industrial_complex;1079.00;11.38;1175.00;2.49;0
19;industrial_complex;984.00;12.18;1270.00;5.15;0
19;industrial_complex;1029.00;11.40;1248.00;2.99;0
19;industrial_complex;1079.00;11.35;1331.00;4.20;0
19;air_base;1016.00;13.10;1158.00;0.94;0
19;bunker;999.00;12.10;1261.00;3.60;0
19;bunker;1106.00;11.70;1102.00;6.26;0
19;bunker;1206.00;9.90;1153.00;4.10;0
19;bunker;935.00;11.53;1418.00;5.66;0
19;bunker;1073.00;12.20;1071.00;2.05;0
19;bunker;1155.00;10.00;1189.00;4.71;0
19;bunker;1037.00;11.80;1230.00;2.55;0
19;bunker;1199.00;10.35;1097.00;4.11;0
19;bunker;924.00;12.80;1182.00;0.49;0
19;bunker;1082.00;11.25;1259.00;3.15;0
19;bunker;1005.00;12.25;1184.00;6.18;0
19;bunker;951.00;13.10;1177.00;1.10;0
19;bunker;851.00;9.80;1352.00;5.22;0
19;bunker;1158.00;11.40;1058.00;3.06;0
19;bunker;925.00;11.80;1319.00;3.16;0
19;bunker;984.00;11.70;1376.00;1.00;0
19;bunker;979.00;12.60;1340.00;3.67;0
19;bunker;942.00;12.75;1211.00;0.05;0
19;bunker;905.00;11.70;1403.00;1.61;0
19;bunker;1152.00;11.43;1070.00;5.73;0
19;bunker;866.00;13.05;1154.00;0.65;0
19;bunker;822.00;10.80;1315.00;4.78;0
19;bunker;965.00;12.20;1217.00;0.06;0
19;bunker;1065.00;11.95;1213.00;4.18;0
19;bunker;1033.00;11.15;1323.00;0.56;0
19;bunker;890.00;11.57;1245.00;2.12;0
19;bunker;1027.00;13.00;1155.00;6.24;0
19;bunker;1221.00;11.62;1069.00;1.17;0
19;bunker;828.00;12.98;1158.00;5.29;0
19;bunker;1121.00;12.55;1117.00;0.57;0
19;bunker;838.00;11.10;1386.00;3.23;0
19;anti_air_building;945.00;12.85;1141.00;5.89;0
19;anti_air_building;1061.00;10.88;1326.00;3.73;0
19;anti_air_building;950.00;11.73;1327.00;3.84;0
19;synthetic_refinery;1125.00;9.80;1210.00;1.68;0
19;fuel_silo;1123.00;12.03;1040.00;5.80;0
19;radar_station;1005.00;11.90;1231.00;1.79;0
19;rocket_site;951.00;11.90;1317.00;3.74;0
19;nuclear_reactor;953.00;11.98;1309.00;0.12;0
20;arms_factory;579.00;10.00;1007.00;4.64;0
20;arms_factory;510.00;12.45;1135.00;2.48;0
20;arms_factory;356.00;13.00;1116.00;0.32;0
20;arms_factory;250.00;9.90;1137.00;0.43;0
20;arms_factory;286.00;10.40;1112.00;4.55;0
20;arms_factory;327.00;9.95;1063.00;0.93;0
20;industrial_complex;575.00;10.28;1040.00;2.49;0
20;industrial_complex;388.00;10.95;1187.00;5.15;0
20;industrial_complex;351.00;13.00;1145.00;2.99;0
20;industrial_complex;442.00;11.90;1074.00;4.20;0
20;industrial_complex;330.00;11.20;1267.00;0.94;0
20;industrial_complex;315.00;11.57;1095.00;3.60;0
20;air_base;459.00;11.55;1171.00;6.26;0
20;bunker;480.00;12.65;1028.00;4.10;0
20;bunker;580.00;10.48;1041.00;5.66;0
20;bunker;212.00;10.75;1093.00;2.05;0
20;bunker;325.00;11.10;1286.00;4.71;0
20;bunker;445.00;13.10;1019.00;2.55;0
20;bunker;333.00;11.75;1152.00;4.11;0
20;bunker;318.00;11.60;1196.00;0.49;0
20;bunker;342.00;11.48;1211.00;3.15;0
20;bunker;248.00;11.53;1063.00;6.18;0
20;bunker;482.00;12.70;1156.00;1.10;0
20;bunker;359.00;11.60;1273.00;5.22;0
20;bunker;373.00;10.95;977.00;3.06;0
20;bunker;242.00;10.50;1199.00;3.16;0
20;bunker;250.00;9.80;1148.00;1.00;0
20;bunker;480.00;12.68;1127.00;3.67;0
20;bunker;480.00;10.10;1219.00;0.05;0
20;bunker;443.00;11.10;1171.00;1.61;0
20;bunker;283.00;10.75;1295.00;5.73;0
20;bunker;283.00;11.30;1085.00;0.65;0
20;bunker;341.00;10.55;1046.00;4.78;0
20;bunker;414.00;12.15;1065.00;0.06;0
20;bunker;368.00;10.60;1033.00;4.18;0
20;bunker;383.00;11.05;1231.00;0.56;0
20;bunker;358.00;13.00;1144.00;2.12;0
20;bunker;434.00;11.03;1187.00;6.24;0
20;bunker;320.00;11.20;1266.00;1.17;0
20;bunker;303.00;10.85;1069.00;5.29;0
20;bunker;208.00;10.20;1138.00;0.57;0
20;anti_air_building;397.00;11.00;1084.00;3.23;0
20;anti_air_building;395.00;11.90;1248.00;5.89;0
20;anti_air_building;356.00;11.98;1313.00;3.73;0
20;synthetic_refinery;479.00;11.15;1187.00;3.84;0
20;fuel_silo;399.00;10.95;1026.00;1.68;0
20;radar_station;386.00;11.60;1136.00;4.03;0
20;rocket_site;405.00;11.40;1105.00;0.72;0
20;nuclear_reactor;382.00;10.85;1095.00;3.74;0
21;arms_factory;1598.00;11.38;1005.00;0.32;0
21;arms_factory;1655.00;10.50;1051.00;0.43;0
21;arms_factory;1578.00;9.80;1079.00;4.55;0
21;arms_factory;1556.00;12.18;1112.00;0.93;0
21;arms_factory;1685.00;10.20;1051.00;2.49;0
21;arms_factory;1587.00;10.48;1257.00;5.15;0
21;industrial_complex;1657.00;10.60;1027.00;2.99;0
21;industrial_complex;1653.00;10.40;1107.00;4.20;0
21;industrial_complex;1691.00;10.57;950.00;0.94;0
21;industrial_complex;1580.00;10.00;1086.00;3.60;0
21;industrial_complex;1559.00;10.57;1228.00;6.26;0
21;industrial_complex;1582.00;11.85;1144.00;4.10;0
21;air_base;1530.00;11.53;1380.00;5.66;0
21;naval_base;1682.00;9.80;1091.00;-4.30;758
21;naval_base;1713.00;9.78;989.00;-4.48;758
21;naval_base;1558.00;9.82;1420.00;-4.31;758
21;naval_base;1669.00;9.80;1137.00;-4.52;758
21;naval_base;1593.00;9.80;1349.00;-4.39;758
21;naval_base;1654.00;9.82;1213.00;-4.45;758
21;naval_base;1671.00;9.78;1119.00;-4.36;758
21;naval_base;1596.00;9.80;1342.00;-4.43;758
21;naval_base;1620.00;9.80;1294.00;-4.09;758
21;bunker;1611.00;9.90;1063.00;3.06;0
21;bunker;1591.00;10.55;1220.00;3.16;0
21;bunker;1600.00;11.40;1000.00;1.00;0
21;bunker;1533.00;11.53;1375.00;3.67;0
21;bunker;1609.00;11.70;1123.00;0.05;0
21;bunker;1680.00;10.12;1078.00;1.61;0
21;bunker;1691.00;10.40;945.00;5.73;0
21;bunker;1645.00;9.93;1240.00;0.65;0
21;bunker;1541.00;11.85;1108.00;4.78;0
21;bunker;1654.00;11.38;955.00;0.06;0
21;bunker;1595.00;9.70;1062.00;4.18;0
21;bunker;1543.00;11.50;1217.00;0.56;0
21;bunker;1648.00;10.70;1148.00;2.12;0
21;bunker;1589.00;10.45;1321.00;6.24;0
21;bunker;1538.00;11.07;1399.00;1.17;0
21;bunker;1638.00;10.62;1026.00;5.29;0
21;bunker;1606.00;10.93;1240.00;0.57;0
21;coastal_bunker;1575.00;9.80;1393.00;-4.39;0
21;coastal_bunker;1688.00;9.78;1075.00;-4.30;0
21;coastal_bunker;1558.00;9.80;1421.00;-4.31;0
21;coastal_bunker;1665.00;9.82;1162.00;-4.52;0
21;coastal_bunker;1645.00;9.85;1253.00;-4.45;0
21;coastal_bunker;1602.00;9.80;1328.00;-4.43;0
21;coastal_bunker;1713.00;9.80;944.00;-4.48;0
21;coastal_bunker;1674.00;9.75;1111.00;-4.36;0
21;coastal_bunker;1632.00;9.80;1282.00;-4.09;0
21;dockyard;1593.00;9.80;1349.00;-4.39;0
21;anti_air_building;1612.00;11.10;1241.00;4.35;0
21;anti_air_building;1571.00;9.85;1072.00;2.19;0
21;anti_air_building;1551.00;11.60;1100.00;4.85;0
21;synthetic_refinery;1547.00;12.80;1133.00;1.23;0
21;fuel_silo;1578.00;10.40;1247.00;2.79;0
21;radar_station;1615.00;10.73;1174.00;0.57;0
21;rocket_site;1636.00;10.75;1100.00;3.30;0
21;nuclear_reactor;1614.00;10.78;1174.00;5.96;0
22;arms_factory;1306.00;11.35;1080.00;4.55;0
22;arms_factory;1346.00;13.20;869.00;0.93;0
22;arms_factory;1506.00;10.38;1051.00;2.49;0
22;arms_factory;1390.00;11.60;929.00;5.15;0
22;arms_factory;1453.00;12.30;1035.00;2.99;0
22;arms_factory;1485.00;11.80;1195.00;4.20;0
22;industrial_complex;1523.00;10.75;914.00;0.94;0
22;industrial_complex;1418.00;10.68;987.00;3.60;0
22;industrial_complex;1575.00;12.40;1162.00;6.26;0
22;industrial_complex;1367.00;10.80;999.00;4.10;0
22;industrial_complex;1343.00;9.90;952.00;5.66;0
22;industrial_complex;1509.00;11.28;868.00;2.05;0
22;air_base;1315.00;11.10;1141.00;4.71;0
22;bunker;1495.00;11.32;939.00;2.55;0
22;bunker;1423.00;11.85;1212.00;4.11;0
22;bunker;1347.00;12.35;901.00;0.49;0
22;bunker;1286.00;11.00;971.00;3.15;0
22;bunker;1409.00;12.10;1309.00;6.18;0
22;bunker;1387.00;10.82;1197.00;1.10;0
22;bunker;1447.00;11.65;1325.00;5.22;0
22;bunker;1428.00;12.25;873.00;3.06;0
22;bunker;1540.00;11.80;1343.00;3.16;0
22;bunker;1288.00;11.00;1006.00;1.00;0
22;bunker;1481.00;11.90;1378.00;3.67;0
22;bunker;1556.00;10.70;1270.00;0.05;0
22;bunker;1478.00;13.00;918.00;1.61;0
22;bunker;1441.00;11.35;1135.00;5.73;0
22;bunker;1505.00;11.50;1226.00;0.65;0
22;bunker;1305.00;9.93;914.00;4.78;0
22;bunker;1448.00;12.20;1082.00;0.06;0
22;bunker;1496.00;11.38;984.00;4.18;0
22;bunker;1432.00;11.90;970.00;0.56;0
22;bunker;1268.00;11.18;1096.00;2.12;0
22;bunker;1375.00;13.00;879.00;6.24;0
22;bunker;1539.00;12.43;1161.00;1.17;0
22;bunker;1556.00;12.70;957.00;5.29;0
22;bunker;1342.00;9.88;1175.00;0.57;0
22;bunker;1477.00;11.40;1296.00;3.23;0
22;bunker;1521.00;9.75;1037.00;5.89;0
22;bunker;1361.00;11.57;1009.00;3.73;0
22;bunker;1423.00;11.35;1016.00;3.84;0
22;bunker;1274.00;11.40;1038.00;1.68;0
22;bunker;1326.00;12.00;844.00;5.80;0
22;bunker;1346.00;13.20;1065.00;0.72;0
22;bunker;1427.00;11.30;1068.00;3.74;0
22;bunker;1398.00;13.12;1096.00;0.12;0
22;bunker;1333.00;11.65;1101.00;4.25;0
22;bunker;1490.00;12.12;1094.00;4.35;0
22;bunker;1472.00;11.00;1184.00;2.19;0
22;anti_air_building;1440.00;11.57;1171.00;4.85;0
22;anti_air_building;1525.00;11.60;1198.00;1.23;0
22;anti_air_building;1433.00;12.25;1215.00;2.79;0
22;synthetic_refinery;1522.00;11.45;966.00;0.63;0
22;fuel_silo;1507.00;11.55;908.00;3.30;0
22;radar_station;1405.00;12.15;1133.00;4.98;0
22;rocket_site;1282.00;9.90;909.00;2.70;0
22;nuclear_reactor;1459.00;11.98;1198.00;3.90;0
23;arms_factory;1025.00;12.10;1081.00;2.49;0
23;arms_factory;834.00;9.90;1045.00;5.15;0
23;arms_factory;1013.00;11.40;866.00;2.99;0
23;arms_factory;1028.00;10.32;1020.00;4.20;0
23;arms_factory;741.00;11.07;809.00;0.94;0
23;arms_factory;896.00;9.95;977.00;3.60;0
23;industrial_complex;828.00;12.53;996.00;6.26;0
23;industrial_complex;868.00;9.88;871.00;4.10;0
23;industrial_complex;879.00;10.80;931.00;5.66;0
23;industrial_complex;689.00;11.98;1013.00;2.05;0
23;industrial_complex;825.00;13.20;953.00;4.71;0
23;industrial_complex;974.00;11.80;918.00;2.55;0
23;air_base;819.00;12.00;778.00;4.11;0
23;bunker;1040.00;12.05;1117.00;0.49;0
23;bunker;675.00;12.70;956.00;3.15;0
23;bunker;899.00;11.62;1033.00;6.18;0
23;bunker;711.00;11.90;967.00;1.10;0
23;bunker;962.00;10.10;1004.00;5.22;0
23;bunker;942.00;10.07;861.00;3.06;0
23;bunker;803.00;11.05;868.00;3.16;0
23;bunker;839.00;10.60;1039.00;1.00;0
23;bunker;934.00;9.90;1004.00;3.67;0
23;bunker;931.00;10.28;897.00;0.05;0
23;bunker;1022.00;12.12;855.00;1.61;0
23;bunker;739.00;11.10;905.00;5.73;0
23;bunker;957.00;12.35;1130.00;0.65;0
23;bunker;914.00;10.00;944.00;4.78;0
23;bunker;899.00;9.80;889.00;0.06;0
23;bunker;845.00;11.40;923.00;4.18;0
23;bunker;914.00;11.38;1120.00;0.56;0
23;bunker;870.00;10.88;1093.00;2.12;0
23;bunker;768.00;9.88;860.00;6.24;0
23;bunker;919.00;10.23;848.00;1.17;0
23;bunker;942.00;11.90;784.00;5.29;0
23;bunker;1019.00;11.32;977.00;0.57;0
23;bunker;683.00;11.90;1009.00;3.23;0
23;bunker;782.00;12.43;994.00;5.89;0
23;bunker;746.00;13.05;1007.00;3.73;0
23;bunker;735.00;10.45;849.00;3.84;0
23;bunker;694.00;10.05;847.00;1.68;0
23;bunker;809.00;11.73;771.00;5.80;0
23;bunker;697.00;12.20;918.00;0.72;0
23;bunker;743.00;12.05;769.00;3.74;0
23;bunker;1019.00;12.03;900.00;0.12;0
23;bunker;671.00;11.93;763.00;4.25;0
23;bunker;788.00;10.88;1056.00;4.35;0
23;anti_air_building;906.00;9.80;944.00;2.19;0
23;anti_air_building;920.00;10.93;1078.00;4.85;0
23;anti_air_building;937.00;9.70;978.00;1.23;0
23;synthetic_refinery;982.00;12.18;928.00;2.79;0
23;fuel_silo;1025.00;12.53;1123.00;0.63;0
23;radar_station;851.00;11.28;935.00;3.51;0
23;rocket_site;919.00;11.50;1120.00;5.96;0
23;nuclear_reactor;1012.00;11.12;983.00;2.70;0
24;arms_factory;151.00;10.00;823.00;2.99;0
24;arms_factory;252.00;11.57;966.00;4.20;0
24;arms_factory;193.00;11.25;1028.00;0.94;0
24;arms_factory;235.00;11.88;1015.00;3.60;0
24;arms_factory;303.00;11.30;1001.00;6.26;0
24;arms_factory;155.00;10.25;817.00;4.10;0
24;industrial_complex;233.00;12.38;958.00;5.66;0
24;industrial_complex;181.00;11.60;899.00;2.05;0
24;industrial_complex;243.00;12.18;1005.00;4.71;0
24;industrial_complex;315.00;11.10;994.00;2.55;0
24;industrial_complex;128.00;10.45;1060.00;4.11;0
24;industrial_complex;283.00;13.10;892.00;0.49;0
24;air_base;203.00;12.50;891.00;3.15;0
24;naval_base;128.00;9.50;939.00;-2.01;752
24;naval_base;119.00;9.50;852.00;-1.77;752
24;naval_base;119.00;9.50;991.00;-0.89;752
24;naval_base;103.00;9.50;1114.00;-1.84;765
24;naval_base;119.00;9.50;841.00;-1.57;752
24;naval_base;110.00;9.50;1067.00;-2.43;765
24;bunker;130.00;10.60;1117.00;3.67;0
24;bunker;236.00;12.70;876.00;0.05;0
24;bunker;253.00;12.90;908.00;1.61;0
24;bunker;203.00;12.50;909.00;5.73;0
24;bunker;205.00;10.35;1035.00;0.65;0
24;bunker;350.00;10.28;955.00;4.78;0
24;bunker;326.00;10.65;987.00;0.06;0
24;bunker;251.00;11.90;983.00;4.18;0
24;bunker;137.00;10.55;1045.00;0.56;0
24;bunker;159.00;10.88;954.00;2.12;0
24;bunker;230.00;12.15;831.00;6.24;0
24;bunker;352.00;11.07;823.00;1.17;0
24;bunker;156.00;10.65;1012.00;5.29;0
24;bunker;161.00;11.00;920.00;0.57;0
24;bunker;179.00;11.10;828.00;3.23;0
24;bunker;272.00;12.40;832.00;5.89;0
24;bunker;284.00;11.40;866.00;3.73;0
24;bunker;137.00;10.18;896.00;3.84;0
24;coastal_bunker;115.00;9.57;1019.00;-0.89;0
24;coastal_bunker;124.00;9.50;888.00;-1.77;0
24;coastal_bunker;128.00;9.50;930.00;-2.01;0
24;coastal_bunker;121.00;9.50;828.00;-1.57;0
24;coastal_bunker;104.00;9.50;1102.00;-1.84;0
24;coastal_bunker;107.00;9.50;1082.00;-2.43;0
24;dockyard;108.00;9.50;1076.00;-2.43;0
24;anti_air_building;147.00;10.25;1091.00;2.19;0
24;anti_air_building;234.00;12.70;926.00;4.85;0
24;anti_air_building;204.00;12.07;994.00;1.23;0
24;synthetic_refinery;338.00;10.88;810.00;2.79;0
24;fuel_silo;223.00;11.98;1008.00;0.63;0
24;radar_station;245.00;11.93;952.00;3.51;0
24;rocket_site;121.00;10.25;1064.00;5.96;0
24;nuclear_reactor;172.00;11.10;988.00;2.70;0
25;arms_factory;1096.00;12.23;602.00;0.94;0
25;arms_factory;1040.00;10.80;757.00;3.60;0
25;arms_factory;1253.00;10.40;869.00;6.26;0
25;arms_factory;1038.00;12.18;848.00;4.10;0
25;arms_factory;1292.00;10.85;811.00;5.66;0
25;arms_factory;1234.00;11.07;639.00;2.05;0
25;industrial_complex;1054.00;11.65;660.00;4.71;0
25;industrial_complex;1159.00;10.20;660.00;2.55;0
25;industrial_complex;1298.00;10.75;709.00;4.11;0
25;industrial_complex;1078.00;12.25;559.00;0.49;0
25;industrial_complex;1036.00;11.20;832.00;3.15;0
25;industrial_complex;1268.00;10.80;831.00;6.18;0
25;air_base;1321.00;10.53;813.00;1.10;0
25;bunker;1211.00;11.60;713.00;5.22;0
25;bunker;1106.00;11.12;780.00;3.06;0
25;bunker;1109.00;12.12;880.00;3.16;0
25;bunker;1163.00;11.18;961.00;1.00;0
25;bunker;1118.00;12.30;878.00;3.67;0
25;bunker;1256.00;11.93;736.00;0.05;0
25;bunker;1029.00;12.30;577.00;1.61;0
25;bunker;1270.00;10.70;677.00;5.73;0
25;bunker;1043.00;11.07;653.00;0.65;0
25;bunker;1034.00;12.40;865.00;4.78;0
25;bunker;1032.00;12.90;549.00;0.06;0
25;bunker;1078.00;10.55;749.00;4.18;0
25;bunker;1035.00;12.05;991.00;0.56;0
25;bunker;1034.00;11.60;841.00;2.12;0
25;bunker;1103.00;13.10;640.00;6.24;0
25;bunker;1103.00;12.38;652.00;1.17;0
25;bunker;1261.00;10.40;848.00;5.29;0
25;bunker;1305.00;9.80;767.00;0.57;0
25;bunker;1155.00;10.60;602.00;3.23;0
25;bunker;1253.00;10.78;944.00;5.89;0
25;bunker;1152.00;11.00;820.00;3.73;0
25;bunker;1104.00;12.53;963.00;3.84;0
25;bunker;1260.00;10.23;865.00;1.68;0
25;bunker;1139.00;11.10;697.00;5.80;0
25;bunker;1225.00;9.70;817.00;0.72;0
25;bunker;1230.00;11.28;644.00;3.74;0
25;bunker;1156.00;10.95;904.00;0.12;0
25;bunker;1194.00;11.70;760.00;4.25;0
25;bunker;1072.00;11.50;914.00;4.35;0
25;bunker;1226.00;10.95;998.00;2.19;0
25;bunker;1300.00;10.10;794.00;4.85;0
25;bunker;1151.00;11.53;970.00;1.23;0
25;anti_air_building;1095.00;11.68;574.00;2.79;0
25;anti_air_building;1153.00;10.62;616.00;0.63;0
25;anti_air_building;1115.00;12.05;777.00;3.30;0
25;synthetic_refinery;1270.00;10.70;774.00;5.96;0
25;fuel_silo;1096.00;10.30;797.00;2.70;0
25;radar_station;1196.00;11.12;785.00;5.68;0
25;rocket_site;1241.00;10.00;928.00;1.74;0
25;nuclear_reactor;1161.00;10.38;684.00;4.41;0
26;arms_factory;364.00;13.03;680.00;6.26;0
26;arms_factory;537.00;11.38;917.00;4.10;0
26;arms_factory;549.00;11.40;848.00;5.66;0
26;arms_factory;466.00;12.05;742.00;2.05;0
26;arms_factory;463.00;11.60;774.00;4.71;0
26;arms_factory;380.00;11.82;721.00;2.55;0
26;industrial_complex;411.00;12.18;668.00;4.11;0
26;industrial_complex;655.00;12.10;793.00;0.49;0
26;industrial_complex;636.00;12.32;916.00;3.15;0
26;industrial_complex;516.00;11.30;929.00;6.18;0
26;industrial_complex;426.00;11.15;856.00;1.10;0
26;industrial_complex;628.00;12.98;972.00;5.22;0
26;air_base;647.00;9.98;838.00;3.06;0
26;bunker;376.00;11.60;789.00;3.16;0
26;bunker;587.00;11.78;935.00;1.00;0
26;bunker;513.00;11.40;1001.00;3.67;0
26;bunker;651.00;13.12;985.00;0.05;0
26;bunker;554.00;10.68;659.00;1.61;0
26;bunker;399.00;10.10;872.00;5.73;0
26;bunker;529.00;11.50;858.00;0.65;0
26;bunker;440.00;11.75;944.00;4.78;0
26;bunker;412.00;12.70;732.00;0.06;0
26;bunker;642.00;11.05;809.00;4.18;0
26;bunker;587.00;12.88;795.00;0.56;0
26;bunker;341.00;10.85;901.00;2.12;0
26;bunker;647.00;11.48;707.00;6.24;0
26;bunker;576.00;11.62;727.00;1.17;0
26;bunker;472.00;11.78;900.00;5.29;0
26;bunker;507.00;11.23;746.00;0.57;0
26;bunker;429.00;12.35;693.00;3.23;0
26;bunker;635.00;10.12;845.00;5.89;0
26;bunker;598.00;10.95;662.00;3.73;0
26;bunker;378.00;12.53;698.00;3.84;0
26;bunker;500.00;11.62;730.00;1.68;0
26;bunker;487.00;12.30;974.00;5.80;0
26;bunker;515.00;11.50;801.00;0.72;0
26;bunker;646.00;12.00;605.00;3.74;0
26;bunker;549.00;10.62;930.00;0.12;0
26;bunker;443.00;12.12;774.00;4.25;0
26;bunker;414.00;11.53;764.00;4.35;0
26;bunker;432.00;12.70;820.00;2.19;0
26;bunker;651.00;12.05;906.00;4.85;0
26;bunker;547.00;11.43;846.00;1.23;0
26;bunker;501.00;10.68;953.00;2.79;0
26;bunker;646.00;12.68;778.00;0.63;0
26;anti_air_building;400.00;11.43;928.00;3.30;0
26;anti_air_building;497.00;11.88;719.00;5.96;0
26;anti_air_building;605.00;12.38;957.00;2.70;0
26;synthetic_refinery;546.00;11.40;900.00;3.90;0
26;fuel_silo;590.00;11.50;835.00;1.74;0
26;radar_station;486.00;11.48;816.00;4.91;0
26;rocket_site;615.00;11.10;869.00;5.97;0
26;nuclear_reactor;372.00;11.90;707.00;2.35;0
27;arms_factory;1670.00;11.05;793.00;5.66;0
27;arms_factory;1681.00;10.57;846.00;2.05;0
27;arms_factory;1656.00;10.82;697.00;4.71;0
27;arms_factory;1605.00;11.00;838.00;2.55;0
27;arms_factory;1636.00;10.38;748.00;4.11;0
27;arms_factory;1556.00;11.05;881.00;0.49;0
27;industrial_complex;1667.00;10.43;684.00;3.15;0
27;industrial_complex;1668.00;10.20;772.00;6.18;0
27;industrial_complex;1583.00;11.78;908.00;1.10;0
27;industrial_complex;1672.00;10.55;718.00;5.22;0
27;industrial_complex;1591.00;12.20;861.00;3.06;0
27;industrial_complex;1709.00;9.95;901.00;3.16;0
27;air_base;1565.00;11.32;860.00;1.00;0
27;naval_base;1713.00;9.75;930.00;1.48;758
27;naval_base;1694.00;9.70;640.00;0.54;764
27;naval_base;1711.00;9.75;786.00;1.22;749
27;naval_base;1694.00;9.73;683.00;1.57;749
27;naval_base;1713.00;9.75;855.00;-4.22;758
27;bunker;1708.00;10.05;925.00;4.78;0
27;bunker;1563.00;11.12;878.00;0.06;0
27;bunker;1647.00;10.45;775.00;4.18;0
27;bunker;1691.00;9.90;865.00;0.56;0
27;bunker;1657.00;11.20;889.00;2.12;0
27;bunker;1587.00;10.45;801.00;6.24;0
27;bunker;1675.00;9.95;642.00;1.17;0
27;bunker;1705.00;10.23;827.00;5.29;0
27;bunker;1669.00;10.75;701.00;0.57;0
27;bunker;1640.00;10.80;831.00;3.23;0
27;coastal_bunker;1713.00;9.80;905.00;1.48;0
27;coastal_bunker;1694.00;9.70;631.00;0.54;0
27;coastal_bunker;1702.00;9.55;712.00;1.57;0
27;coastal_bunker;1713.00;9.75;849.00;1.50;0
27;coastal_bunker;1711.00;9.73;770.00;1.22;0
27;dockyard;1711.00;9.75;791.00;1.22;0
27;anti_air_building;1636.00;11.10;847.00;3.74;0
27;anti_air_building;1691.00;9.80;592.00;0.12;0
27;anti_air_building;1674.00;10.75;844.00;4.25;0
27;synthetic_refinery;1698.00;10.43;794.00;4.35;0
27;fuel_silo;1673.00;10.32;657.00;2.19;0
27;radar_station;1627.00;10.70;762.00;6.14;0
27;rocket_site;1706.00;10.10;835.00;1.23;0
27;nuclear_reactor;1657.00;11.12;875.00;2.79;0
28;arms_factory;1501.00;10.53;544.00;2.55;0
28;arms_factory;1356.00;12.98;840.00;4.11;0
28;arms_factory;1562.00;10.60;727.00;0.49;0
28;arms_factory;1419.00;11.12;688.00;3.15;0
28;arms_factory;1621.00;10.45;597.00;6.18;0
28;arms_factory;1475.00;11.15;637.00;1.10;0
28;industrial_complex;1345.00;11.25;700.00;5.22;0
28;industrial_complex;1547.00;11.65;822.00;3.06;0
28;industrial_complex;1546.00;11.12;597.00;3.16;0
28;industrial_complex;1661.00;9.95;538.00;1.00;0
28;industrial_complex;1328.00;12.98;617.00;3.67;0
28;industrial_complex;1453.00;11.38;843.00;0.05;0
28;air_base;1525.00;11.25;680.00;1.61;0
28;naval_base;1647.00;9.80;513.00;1.01;764
28;naval_base;1616.00;9.80;498.00;0.66;764
28;bunker;1561.00;10.55;723.00;4.78;0
28;bunker;1573.00;10.75;573.00;0.06;0
28;bunker;1468.00;11.05;716.00;4.18;0
28;bunker;1456.00;11.00;556.00;0.56;0
28;bunker;1349.00;13.00;614.00;2.12;0
28;bunker;1429.00;12.05;800.00;6.24;0
28;bunker;1649.00;10.35;571.00;1.17;0
28;bunker;1432.00;10.00;613.00;5.29;0
28;bunker;1402.00;12.25;852.00;0.57;0
28;bunker;1646.00;10.55;579.00;3.23;0
28;bunker;1581.00;11.07;779.00;5.89;0
28;bunker;1484.00;10.25;544.00;3.73;0
28;bunker;1595.00;12.70;676.00;3.84;0
28;bunker;1481.00;11.45;652.00;1.68;0
28;bunker;1433.00;11.98;761.00;5.80;0
28;bunker;1607.00;10.62;553.00;0.72;0
28;bunker;1558.00;11.35;612.00;3.74;0
28;bunker;1558.00;10.93;861.00;0.12;0
28;bunker;1528.00;11.32;673.00;4.25;0
28;bunker;1529.00;11.28;704.00;4.35;0
28;bunker;1394.00;11.70;635.00;2.19;0
28;bunker;1402.00;9.82;701.00;4.85;0
28;bunker;1504.00;11.93;754.00;1.23;0
28;bunker;1523.00;11.18;795.00;2.79;0
28;bunker;1312.00;12.50;629.00;0.63;0
28;bunker;1560.00;11.10;508.00;3.30;0
28;bunker;1338.00;11.05;731.00;5.96;0
28;bunker;1323.00;11.68;677.00;2.70;0
28;coastal_bunker;1671.00;9.80;532.00;1.01;0
28;coastal_bunker;1640.00;9.57;509.00;0.66;0
28;dockyard;1611.00;9.57;493.00;0.66;0
28;anti_air_building;1558.00;10.73;734.00;5.97;0
28;anti_air_building;1586.00;11.10;532.00;2.35;0
28;anti_air_building;1326.00;11.23;687.00;0.19;0
28;synthetic_refinery;1457.00;11.10;612.00;1.39;0
28;fuel_silo;1490.00;11.28;696.00;4.42;0
28;radar_station;1473.00;12.00;682.00;1.52;0
28;rocket_site;1361.00;11.75;781.00;4.92;0
28;nuclear_reactor;1435.00;9.95;615.00;0.19;0
29;arms_factory;162.00;10.88;661.00;0.49;0
29;arms_factory;323.00;10.60;794.00;3.15;0
29;arms_factory;246.00;10.40;674.00;6.18;0
29;arms_factory;290.00;11.32;679.00;1.10;0
29;arms_factory;197.00;11.45;714.00;5.22;0
29;arms_factory;183.00;10.15;785.00;3.06;0
29;industrial_complex;268.00;11.82;743.00;3.16;0
29;industrial_complex;130.00;10.10;803.00;1.00;0
29;industrial_complex;255.00;10.90;716.00;3.67;0
29;industrial_complex;136.00;10.60;693.00;0.05;0
29;industrial_complex;105.00;9.80;641.00;1.61;0
29;industrial_complex;165.00;11.15;669.00;5.73;0
29;air_base;267.00;11.60;694.00;0.65;0
29;naval_base;113.00;9.82;683.00;-2.08;752
29;naval_base;121.00;9.50;765.00;-1.63;752
29;naval_base;116.00;9.80;694.00;-1.83;752
29;bunker;185.00;10.15;743.00;0.56;0
29;bunker;133.00;10.10;800.00;2.12;0
29;bunker;336.00;11.68;699.00;6.24;0
29;bunker;132.00;10.18;638.00;1.17;0
29;bunker;173.00;11.70;690.00;5.29;0
29;bunker;348.00;10.53;782.00;0.57;0
29;bunker;256.00;10.95;721.00;3.23;0
29;bunker;225.00;11.30;684.00;5.89;0
29;bunker;252.00;10.88;642.00;3.73;0
29;bunker;295.00;10.88;656.00;3.84;0
29;coastal_bunker;112.00;9.50;683.00;-2.08;0
29;coastal_bunker;121.00;9.50;808.00;-1.63;0
29;coastal_bunker;115.00;9.57;692.00;-1.83;0
29;dockyard;108.00;9.57;663.00;-2.08;0
29;anti_air_building;115.00;9.90;688.00;0.12;0
29;anti_air_building;239.00;10.48;661.00;4.25;0
29;anti_air_building;323.00;10.85;759.00;4.35;0
29;synthetic_refinery;183.00;10.40;643.00;2.19;0
29;fuel_silo;178.00;10.50;799.00;4.85;0
29;radar_station;234.00;10.82;712.00;1.33;0
29;rocket_site;166.00;10.00;764.00;2.79;0
29;nuclear_reactor;334.00;10.88;744.00;0.63;0
30;arms_factory;96.00;10.03;552.00;6.18;0
30;arms_factory;136.00;10.20;579.00;1.10;0
30;arms_factory;179.00;11.32;553.00;5.22;0
30;arms_factory;152.00;10.25;637.00;3.06;0
30;arms_factory;160.00;10.30;641.00;3.16;0
30;arms_factory;104.00;10.10;565.00;1.00;0
30;industrial_complex;123.00;10.03;558.00;3.67;0
30;industrial_complex;190.00;11.40;559.00;0.05;0
30;industrial_complex;146.00;11.05;519.00;1.61;0
30;industrial_complex;120.00;10.05;574.00;5.73;0
30;industrial_complex;165.00;11.10;595.00;0.65;0
30;industrial_complex;170.00;11.25;564.00;4.78;0
30;air_base;125.00;9.95;610.00;0.06;0
30;naval_base;87.00;9.50;560.00;-1.40;752
30;naval_base;92.00;9.50;582.00;-2.03;752
30;bunker;174.00;11.20;569.00;2.12;0
30;bunker;96.00;10.00;551.00;6.24;0
30;bunker;125.00;9.93;602.00;1.17;0
30;bunker;162.00;10.40;627.00;5.29;0
30;coastal_bunker;88.00;9.50;565.00;-1.40;0
30;coastal_bunker;90.00;9.50;577.00;-2.03;0
30;dockyard;92.00;9.50;583.00;-2.03;0
30;anti_air_building;111.00;10.03;545.00;3.73;0
30;anti_air_building;113.00;10.00;615.00;3.84;0
30;anti_air_building;169.00;11.45;550.00;1.68;0
30;synthetic_refinery;138.00;10.20;631.00;5.80;0
30;fuel_silo;156.00;10.30;634.00;0.72;0
30;radar_station;140.00;10.50;573.00;4.72;0
30;rocket_site;176.00;11.35;554.00;0.12;0
30;nuclear_reactor;164.00;11.53;556.00;4.25;0
31;arms_factory;846.00;11.20;615.00;5.22;0
31;arms_factory;738.00;11.70;665.00;3.06;0
31;arms_factory;812.00;10.85;511.00;3.16;0
31;arms_factory;776.00;11.98;718.00;1.00;0
31;arms_factory;704.00;12.30;661.00;3.67;0
31;arms_factory;760.00;12.20;584.00;0.05;0
31;industrial_complex;904.00;11.75;747.00;1.61;0
31;industrial_complex;734.00;10.40;538.00;5.73;0
31;industrial_complex;747.00;12.38;569.00;0.65;0
31;industrial_complex;904.00;11.20;788.00;4.78;0
31;industrial_complex;985.00;11.82;774.00;0.06;0
31;industrial_complex;841.00;12.30;681.00;4.18;0
31;air_base;1004.00;10.00;637.00;0.56;0
31;bunker;846.00;11.85;644.00;2.12;0
31;bunker;902.00;11.35;786.00;6.24;0
31;bunker;765.00;11.90;562.00;1.17;0
31;bunker;849.00;12.50;731.00;5.29;0
31;bunker;752.00;11.30;418.00;0.57;0
31;bunker;950.00;10.40;566.00;3.23;0
31;bunker;882.00;11.18;494.00;5.89;0
31;bunker;708.00;12.20;751.00;3.73;0
31;bunker;823.00;12.20;442.00;3.84;0
31;bunker;782.00;11.75;736.00;1.68;0
31;bunker;721.00;10.45;501.00;5.80;0
31;bunker;783.00;12.00;518.00;0.72;0
31;bunker;962.00;9.78;645.00;3.74;0
31;bunker;954.00;12.25;751.00;0.12;0
31;bunker;787.00;10.50;434.00;4.25;0
31;bunker;873.00;12.10;691.00;4.35;0
31;bunker;733.00;12.55;580.00;2.19;0
31;bunker;669.00;10.20;431.00;4.85;0
31;bunker;737.00;12.65;635.00;1.23;0
31;bunker;685.00;12.90;688.00;2.79;0
31;bunker;770.00;12.23;576.00;0.63;0
31;bunker;964.00;9.90;702.00;3.30;0
31;bunker;816.00;12.30;639.00;5.96;0
31;bunker;995.00;12.65;784.00;2.70;0
31;bunker;670.00;11.80;573.00;3.90;0
31;bunker;899.00;11.12;598.00;1.74;0
31;bunker;843.00;9.90;531.00;4.41;0
31;bunker;768.00;11.50;480.00;5.97;0
31;bunker;908.00;10.65;662.00;2.35;0
31;anti_air_building;840.00;9.80;529.00;0.19;0
31;anti_air_building;725.00;11.62;700.00;1.39;0
31;anti_air_building;835.00;12.00;754.00;4.42;0
31;synthetic_refinery;949.00;12.40;752.00;2.26;0
31;fuel_silo;687.00;12.25;746.00;4.92;0
31;radar_station;841.00;10.45;594.00;1.11;0
31;rocket_site;828.00;12.43;647.00;2.86;0
31;nuclear_reactor;664.00;10.32;432.00;0.70;0
32;arms_factory;209.00;10.75;537.00;3.16;0
32;arms_factory;212.00;10.45;405.00;1.00;0
32;arms_factory;231.00;10.15;488.00;3.67;0
32;arms_factory;215.00;11.40;616.00;0.05;0
32;arms_factory;298.00;10.78;502.00;1.61;0
32;arms_factory;267.00;11.18;631.00;5.73;0
32;industrial_complex;212.00;10.45;408.00;0.65;0
32;industrial_complex;371.00;11.57;644.00;4.78;0
32;industrial_complex;231.00;11.85;571.00;0.06;0
32;industrial_complex;211.00;10.73;437.00;4.18;0
32;industrial_complex;309.00;11.45;586.00;0.56;0
32;industrial_complex;310.00;12.12;638.00;2.12;0
32;air_base;277.00;11.03;538.00;6.24;0
32;bunker;292.00;11.60;609.00;1.17;0
32;bunker;240.00;10.60;539.00;5.29;0
32;bunker;200.00;11.40;617.00;0.57;0
32;bunker;299.00;11.60;530.00;3.23;0
32;bunker;396.00;11.10;626.00;5.89;0
32;bunker;216.00;10.60;407.00;3.73;0
32;bunker;391.00;10.80;585.00;3.84;0
32;bunker;233.00;10.85;408.00;1.68;0
32;bunker;346.00;12.55;682.00;5.80;0
32;bunker;309.00;13.15;459.00;0.72;0
32;bunker;228.00;9.78;502.00;3.74;0
32;anti_air_building;267.00;11.40;568.00;0.12;0
32;anti_air_building;384.00;10.38;596.00;4.25;0
32;anti_air_building;315.00;11.07;581.00;4.35;0
32;synthetic_refinery;189.00;10.30;524.00;2.19;0
32;fuel_silo;348.00;12.57;661.00;4.85;0
32;radar_station;296.00;11.53;534.00;1.33;0
32;rocket_site;209.00;11.82;608.00;2.79;0
32;nuclear_reactor;193.00;11.40;474.00;0.63;0
33;arms_factory;963.00;10.73;294.00;3.67;0
33;arms_factory;879.00;10.40;346.00;0.05;0
33;arms_factory;1015.00;12.60;588.00;1.61;0
33;arms_factory;982.00;11.28;351.00;5.73;0
33;arms_factory;947.00;10.95;361.00;0.65;0
33;arms_factory;871.00;10.12;316.00;4.78;0
33;industrial_complex;1033.00;13.10;329.00;0.06;0
33;industrial_complex;823.00;12.32;376.00;4.18;0
33;industrial_complex;936.00;10.78;477.00;0.56;0
33;industrial_complex;884.00;11.90;288.00;2.12;0
33;industrial_complex;983.00;11.30;299.00;6.24;0
33;industrial_complex;968.00;10.90;299.00;1.17;0
33;air_base;909.00;11.23;439.00;5.29;0
33;bunker;928.00;10.65;521.00;0.57;0
33;bunker;1017.00;12.60;572.00;3.23;0
33;bunker;939.00;11.28;393.00;5.89;0
33;bunker;961.00;11.10;328.00;3.73;0
33;bunker;901.00;10.50;321.00;3.84;0
33;bunker;1035.00;11.25;388.00;1.68;0
33;bunker;982.00;11.03;497.00;5.80;0
33;bunker;850.00;12.70;426.00;0.72;0
33;bunker;1007.00;10.15;718.00;3.74;0
33;bunker;897.00;11.70;380.00;0.12;0
33;bunker;917.00;9.95;357.00;4.25;0
33;bunker;972.00;11.10;424.00;4.35;0
33;bunker;912.00;11.43;471.00;2.19;0
33;bunker;834.00;12.35;396.00;4.85;0
33;bunker;959.00;10.80;297.00;1.23;0
33;bunker;1011.00;10.55;473.00;2.79;0
33;bunker;996.00;12.53;524.00;0.63;0
33;anti_air_building;878.00;12.30;452.00;3.30;0
33;anti_air_building;1021.00;10.50;712.00;5.96;0
33;anti_air_building;992.00;12.60;550.00;2.70;0
33;synthetic_refinery;843.00;11.05;360.00;3.90;0
33;fuel_silo;860.00;11.95;420.00;1.74;0
33;radar_station;930.00;11.20;508.00;4.91;0
33;rocket_site;1010.00;10.57;471.00;5.97;0
33;nuclear_reactor;1013.00;12.50;586.00;2.35;0
34;arms_factory;306.00;11.90;422.00;1.61;0
34;arms_factory;349.00;12.40;418.00;5.73;0
34;arms_factory;464.00;10.78;605.00;0.65;0
34;arms_factory;479.00;12.18;521.00;4.78;0
34;arms_factory;526.00;11.15;593.00;0.06;0
34;arms_factory;515.00;10.40;571.00;4.18;0
34;industrial_complex;363.00;10.12;376.00;0.56;0
34;industrial_complex;350.00;9.88;351.00;2.12;0
34;industrial_complex;386.00;10.10;354.00;6.24;0
34;industrial_complex;462.00;13.00;456.00;1.17;0
34;industrial_complex;455.00;11.50;410.00;5.29;0
34;industrial_complex;311.00;10.68;384.00;0.57;0
34;air_base;380.00;12.90;540.00;3.23;0
34;bunker;345.00;13.10;447.00;5.89;0
34;bunker;385.00;13.10;508.00;3.73;0
34;bunker;436.00;10.75;384.00;3.84;0
34;bunker;337.00;9.90;374.00;1.68;0
34;bunker;493.00;12.25;520.00;5.80;0
34;bunker;304.00;11.28;348.00;0.72;0
34;bunker;451.00;12.88;460.00;3.74;0
34;bunker;458.00;11.60;541.00;0.12;0
34;bunker;505.00;11.40;602.00;4.25;0
34;bunker;434.00;12.65;437.00;4.35;0
34;bunker;348.00;13.00;467.00;2.19;0
34;bunker;428.00;11.35;599.00;4.85;0
34;bunker;448.00;12.20;484.00;1.23;0
34;bunker;525.00;12.05;532.00;2.79;0
34;bunker;569.00;12.80;584.00;0.63;0
34;bunker;395.00;10.95;343.00;3.30;0
34;anti_air_building;364.00;13.10;460.00;5.96;0
34;anti_air_building;463.00;11.20;579.00;2.70;0
34;anti_air_building;565.00;11.35;547.00;3.90;0
34;synthetic_refinery;543.00;12.05;512.00;1.74;0
34;fuel_silo;457.00;12.07;514.00;4.41;0
34;radar_station;441.00;12.62;476.00;0.11;0
34;rocket_site;408.00;12.55;541.00;2.35;0
34;nuclear_reactor;426.00;11.50;393.00;0.19;0
35;arms_factory;96.00;10.60;389.00;0.65;0
35;arms_factory;119.00;10.60;386.00;4.78;0
35;arms_factory;91.00;10.20;384.00;0.06;0
35;arms_factory;181.00;11.50;473.00;4.18;0
35;arms_factory;157.00;10.30;363.00;0.56;0
35;arms_factory;106.00;9.93;313.00;2.12;0
35;industrial_complex;117.00;10.85;446.00;6.24;0
35;industrial_complex;130.00;11.00;488.00;1.17;0
35;industrial_complex;181.00;10.60;301.00;5.29;0
35;industrial_complex;129.00;10.12;300.00;0.57;0
35;industrial_complex;191.00;11.30;335.00;3.23;0
35;industrial_complex;187.00;11.25;333.00;5.89;0
35;air_base;181.00;11.25;331.00;3.73;0
35;naval_base;122.00;9.50;278.00;-1.17;752
35;naval_base;101.00;9.57;316.00;-1.37;752
35;naval_base;77.00;9.50;459.00;-1.72;752
35;naval_base;75.00;9.50;416.00;-1.37;752
35;naval_base;78.00;9.50;504.00;-1.72;752
35;bunker;143.00;11.25;506.00;0.12;0
35;bunker;178.00;11.40;469.00;4.25;0
35;bunker;196.00;11.55;341.00;4.35;0
35;bunker;82.00;10.10;418.00;2.19;0
35;bunker;112.00;10.50;340.00;4.85;0
35;bunker;163.00;10.93;315.00;1.23;0
35;bunker;161.00;11.00;390.00;2.79;0
35;bunker;78.00;9.80;483.00;0.63;0
35;coastal_bunker;123.00;9.50;277.00;-1.17;0
35;coastal_bunker;79.00;9.60;405.00;-1.37;0
35;coastal_bunker;77.00;9.50;501.00;-1.72;0
35;coastal_bunker;87.00;9.57;347.00;-1.37;0
35;coastal_bunker;78.00;9.50;505.00;-1.72;0
35;dockyard;124.00;9.53;273.00;-1.17;0
35;anti_air_building;128.00;10.23;306.00;5.97;0
35;anti_air_building;154.00;10.45;304.00;2.35;0
35;anti_air_building;77.00;9.80;447.00;0.19;0
35;synthetic_refinery;194.00;11.32;338.00;1.39;0
35;fuel_silo;196.00;11.30;336.00;4.42;0
35;radar_station;140.00;11.12;394.00;1.52;0
35;rocket_site;178.00;9.90;407.00;4.92;0
35;nuclear_reactor;163.00;10.85;405.00;0.19;0
36;arms_factory;1196.00;11.78;371.00;0.06;0
36;arms_factory;1346.00;10.73;491.00;4.18;0
36;arms_factory;1380.00;11.32;565.00;0.56;0
36;arms_factory;1302.00;11.68;547.00;2.12;0
36;arms_factory;1457.00;10.48;520.00;6.24;0
36;arms_factory;1278.00;12.00;489.00;1.17;0
36;industrial_complex;1253.00;12.20;470.00;5.29;0
36;industrial_complex;1121.00;11.62;387.00;0.57;0
36;industrial_complex;1355.00;10.88;261.00;3.23;0
36;industrial_complex;1112.00;10.15;413.00;5.89;0
36;industrial_complex;1161.00;11.00;379.00;3.73;0
36;industrial_complex;1205.00;11.50;557.00;3.84;0
36;air_base;1358.00;12.43;572.00;1.68;0
36;naval_base;1326.00;9.50;142.00;-0.26;764
36;bunker;1368.00;12.05;551.00;0.72;0
36;bunker;1339.00;10.88;251.00;3.74;0
36;bunker;1369.00;12.25;594.00;0.12;0
36;bunker;1248.00;11.65;564.00;4.25;0
36;bunker;1292.00;12.25;356.00;4.35;0
36;bunker;1426.00;11.65;437.00;2.19;0
36;bunker;1087.00;11.50;380.00;4.85;0
36;bunker;1459.00;10.10;514.00;1.23;0
36;bunker;1088.00;12.00;512.00;2.79;0
36;bunker;1165.00;9.98;505.00;0.63;0
36;bunker;1189.00;12.20;598.00;3.30;0
36;bunker;1259.00;12.55;371.00;5.96;0
36;bunker;1063.00;11.82;372.00;2.70;0
36;bunker;1179.00;10.75;386.00;3.90;0
36;bunker;1233.00;11.48;503.00;1.74;0
36;bunker;1243.00;11.95;447.00;4.41;0
36;bunker;1234.00;11.40;548.00;5.97;0
36;bunker;1335.00;11.90;543.00;2.35;0
36;bunker;1063.00;11.28;425.00;0.19;0
36;bunker;1354.00;9.80;362.00;1.39;0
36;bunker;1160.00;10.20;482.00;4.42;0
36;bunker;1223.00;12.55;318.00;2.26;0
36;bunker;1327.00;11.05;277.00;4.92;0
36;bunker;1293.00;12.30;581.00;0.19;0
36;bunker;1313.00;10.50;405.00;2.86;0
36;bunker;1269.00;11.68;509.00;0.70;0
36;bunker;1360.00;10.45;340.00;1.91;0
36;bunker;1355.00;11.35;465.00;4.93;0
36;bunker;1130.00;10.60;571.00;1.31;0
36;bunker;1151.00;10.30;479.00;3.97;0
36;bunker;1364.00;11.57;199.00;0.35;0
36;bunker;1158.00;11.62;354.00;3.37;0
36;coastal_bunker;1326.00;9.50;142.00;-0.26;0
36;dockyard;1326.00;9.50;142.00;-0.26;0
36;anti_air_building;1043.00;10.25;438.00;0.26;0
36;anti_air_building;1224.00;10.80;478.00;0.36;0
36;anti_air_building;1291.00;11.75;412.00;4.48;0
36;synthetic_refinery;1107.00;10.25;441.00;0.86;0
36;fuel_silo;1141.00;11.05;399.00;3.88;0
36;radar_station;1254.00;12.00;383.00;0.53;0
36;rocket_site;1349.00;13.10;597.00;2.93;0
36;nuclear_reactor;1166.00;9.82;512.00;5.59;0
37;arms_factory;635.00;10.68;513.00;0.56;0
37;arms_factory;529.00;11.05;374.00;2.12;0
37;arms_factory;521.00;11.25;453.00;6.24;0
37;arms_factory;627.00;12.55;415.00;1.17;0
37;arms_factory;633.00;11.45;546.00;5.29;0
37;arms_factory;602.00;12.40;375.00;0.57;0
37;industrial_complex;637.00;12.70;564.00;3.23;0
37;industrial_complex;596.00;11.95;384.00;5.89;0
37;industrial_complex;644.00;11.18;535.00;3.73;0
37;industrial_complex;580.00;11.62;394.00;3.84;0
37;industrial_complex;651.00;11.75;558.00;1.68;0
37;industrial_complex;508.00;11.98;393.00;5.80;0
37;air_base;582.00;11.25;422.00;0.72;0
37;bunker;636.00;10.85;452.00;3.74;0
37;bunker;606.00;11.10;291.00;0.12;0
37;bunker;626.00;11.10;329.00;4.25;0
37;bunker;520.00;11.20;447.00;4.35;0
37;bunker;521.00;10.65;368.00;2.19;0
37;bunker;642.00;11.25;370.00;4.85;0
37;bunker;626.00;13.10;402.00;1.23;0
37;bunker;576.00;11.80;497.00;2.79;0
37;bunker;630.00;12.50;562.00;0.63;0
37;bunker;631.00;10.93;523.00;3.30;0
37;bunker;581.00;11.20;421.00;5.96;0
37;bunker;560.00;11.93;370.00;2.70;0
37;anti_air_building;532.00;11.35;411.00;3.90;0
37;anti_air_building;581.00;11.57;344.00;1.74;0
37;anti_air_building;493.00;12.70;421.00;4.41;0
37;synthetic_refinery;546.00;10.55;355.00;5.97;0
37;fuel_silo;603.00;11.10;510.00;2.35;0
37;radar_station;571.00;11.38;432.00;0.80;0
37;rocket_site;608.00;10.60;519.00;1.39;0
37;nuclear_reactor;545.00;10.30;468.00;4.42;0
38;arms_factory;1385.00;11.78;205.00;6.24;0
38;arms_factory;1450.00;10.43;211.00;1.17;0
38;arms_factory;1547.00;10.73;392.00;5.29;0
38;arms_factory;1555.00;10.57;414.00;0.57;0
38;arms_factory;1476.00;9.80;513.00;3.23;0
38;arms_factory;1466.00;10.53;197.00;5.89;0
38;industrial_complex;1483.00;10.43;224.00;3.73;0
38;industrial_complex;1475.00;11.50;258.00;3.84;0
38;industrial_complex;1496.00;10.60;279.00;1.68;0
38;industrial_complex;1460.00;10.30;181.00;5.80;0
38;industrial_complex;1505.00;10.30;491.00;0.72;0
38;industrial_complex;1462.00;10.28;168.00;3.74;0
38;air_base;1494.00;10.55;267.00;0.12;0
38;naval_base;1560.00;9.53;146.00;1.06;764
38;naval_base;1578.00;9.80;258.00;-4.49;764
38;naval_base;1577.00;9.80;297.00;-4.15;764
38;naval_base;1577.00;9.80;316.00;1.44;764
38;naval_base;1585.00;9.50;477.00;0.35;764
38;naval_base;1327.00;9.50;142.00;-0.20;764
38;naval_base;1577.00;9.80;338.00;-4.65;764
38;naval_base;1429.00;9.50;139.00;-0.30;764
38;naval_base;1396.00;9.50;140.00;-0.03;764
38;naval_base;1486.00;9.50;122.00;0.40;764
38;naval_base;1570.00;9.80;406.00;-4.50;764
38;bunker;1570.00;10.25;481.00;1.74;0
38;bunker;1494.00;11.80;431.00;4.41;0
38;bunker;1529.00;10.62;312.00;5.97;0
38;bunker;1392.00;10.15;154.00;2.35;0
38;bunker;1562.00;10.10;167.00;0.19;0
38;bunker;1493.00;10.73;241.00;1.39;0
38;bunker;1554.00;10.53;433.00;4.42;0
38;bunker;1451.00;10.18;171.00;2.26;0
38;bunker;1396.00;9.80;376.00;4.92;0
38;bunker;1496.00;10.15;489.00;0.19;0
38;bunker;1508.00;11.75;421.00;2.86;0
38;bunker;1509.00;10.10;132.00;0.70;0
38;bunker;1547.00;10.40;226.00;1.91;0
38;bunker;1371.00;10.40;157.00;4.93;0
38;bunker;1469.00;10.60;362.00;1.31;0
38;bunker;1494.00;10.00;217.00;3.97;0
38;bunker;1419.00;10.15;222.00;0.35;0
38;bunker;1449.00;11.35;382.00;3.37;0
38;bunker;1384.00;9.78;274.00;6.04;0
38;bunker;1544.00;10.90;351.00;2.42;0
38;bunker;1449.00;11.20;310.00;0.26;0
38;bunker;1468.00;10.40;159.00;0.36;0
38;bunker;1559.00;10.43;220.00;4.48;0
38;coastal_bunker;1577.00;9.80;323.00;1.44;0
38;coastal_bunker;1441.00;9.50;132.00;-0.30;0
38;coastal_bunker;1571.00;9.75;456.00;0.35;0
38;coastal_bunker;1575.00;9.80;164.00;1.06;0
38;coastal_bunker;1372.00;9.50;136.00;-0.20;0
38;coastal_bunker;1577.00;9.80;338.00;-4.65;0
38;coastal_bunker;1419.00;9.50;139.00;-0.03;0
38;coastal_bunker;1571.00;9.57;422.00;-4.50;0
38;coastal_bunker;1590.00;9.70;224.00;-4.49;0
38;coastal_bunker;1507.00;9.50;123.00;0.40;0
38;coastal_bunker;1577.00;9.80;288.00;-4.15;0
38;dockyard;1587.00;9.57;186.00;1.06;0
38;anti_air_building;1398.00;9.85;270.00;2.48;0
38;anti_air_building;1432.00;10.90;290.00;4.05;0
38;anti_air_building;1458.00;10.20;149.00;0.43;0
38;synthetic_refinery;1493.00;9.95;324.00;3.09;0
38;fuel_silo;1561.00;10.20;287.00;6.11;0
38;radar_station;1468.00;10.43;326.00;2.54;0
38;rocket_site;1529.00;10.62;280.00;5.16;0
38;nuclear_reactor;1450.00;11.07;314.00;3.00;0
39;arms_factory;495.00;10.45;264.00;5.29;0
39;arms_factory;474.00;10.55;194.00;0.57;0
39;arms_factory;460.00;11.28;290.00;3.23;0
39;arms_factory;609.00;12.25;251.00;5.89;0
39;arms_factory;432.00;11.50;279.00;3.73;0
39;arms_factory;503.00;10.30;209.00;3.84;0
39;industrial_complex;483.00;10.00;150.00;1.68;0
39;industrial_complex;560.00;10.73;172.00;5.80;0
39;industrial_complex;601.00;12.30;247.00;0.72;0
39;industrial_complex;454.00;11.93;227.00;3.74;0
39;industrial_complex;502.00;10.32;249.00;0.12;0
39;industrial_complex;559.00;11.12;289.00;4.25;0
39;air_base;455.00;11.32;273.00;4.35;0
39;naval_base;486.00;9.50;142.00;-0.09;752
39;naval_base;521.00;9.50;145.00;0.52;752
39;naval_base;590.00;9.50;151.00;0.05;752
39;bunker;523.00;9.88;332.00;2.79;0
39;bunker;553.00;11.40;215.00;0.63;0
39;bunker;506.00;10.28;247.00;3.30;0
39;bunker;520.00;9.90;339.00;5.96;0
39;bunker;577.00;11.80;209.00;2.70;0
39;bunker;565.00;9.90;149.00;3.90;0
39;bunker;595.00;10.23;170.00;1.74;0
39;bunker;617.00;12.53;255.00;4.41;0
39;bunker;453.00;9.80;146.00;5.97;0
39;bunker;429.00;11.25;290.00;2.35;0
39;bunker;485.00;11.48;300.00;0.19;0
39;bunker;480.00;10.30;246.00;1.39;0
39;coastal_bunker;572.00;9.50;145.00;0.52;0
39;coastal_bunker;595.00;9.80;154.00;0.05;0
39;coastal_bunker;456.00;9.50;134.00;-0.09;0
39;dockyard;641.00;9.50;161.00;0.05;0
39;anti_air_building;445.00;10.60;194.00;2.86;0
39;anti_air_building;518.00;10.10;254.00;0.70;0
39;anti_air_building;544.00;11.20;306.00;1.91;0
39;synthetic_refinery;463.00;10.80;278.00;4.93;0
39;fuel_silo;625.00;12.30;232.00;1.31;0
39;radar_station;526.00;10.50;259.00;4.00;0
39;rocket_site;508.00;9.82;186.00;0.35;0
39;nuclear_reactor;495.00;9.78;345.00;3.37;0
40;arms_factory;424.00;11.12;216.00;3.23;0
40;arms_factory;303.00;10.20;192.00;5.89;0
40;arms_factory;233.00;10.82;355.00;3.73;0
40;arms_factory;180.00;9.80;266.00;3.84;0
40;arms_factory;302.00;11.90;298.00;1.68;0
40;arms_factory;403.00;10.28;155.00;5.80;0
40;industrial_complex;299.00;12.15;252.00;0.72;0
40;industrial_complex;247.00;11.32;292.00;3.74;0
40;industrial_complex;267.00;10.25;206.00;0.12;0
40;industrial_complex;378.00;11.03;197.00;4.25;0
40;industrial_complex;200.00;11.00;309.00;4.35;0
40;industrial_complex;318.00;10.20;170.00;2.19;0
40;air_base;407.00;9.80;135.00;4.85;0
40;naval_base;131.00;9.50;250.00;-0.96;752
40;naval_base;292.00;9.50;162.00;-0.08;752
40;naval_base;250.00;9.50;170.00;-0.62;752
40;naval_base;317.00;9.50;156.00;-0.03;752
40;naval_base;174.00;9.50;184.00;-0.54;752
40;naval_base;354.00;9.53;146.00;-0.17;752
40;bunker;407.00;10.30;176.00;3.90;0
40;bunker;388.00;10.68;295.00;1.74;0
40;bunker;233.00;11.32;257.00;4.41;0
40;bunker;225.00;9.85;196.00;5.97;0
40;bunker;142.00;9.73;237.00;2.35;0
40;bunker;359.00;11.10;224.00;0.19;0
40;bunker;239.00;11.00;330.00;1.39;0
40;bunker;240.00;11.35;251.00;4.42;0
40;bunker;206.00;11.45;370.00;2.26;0
40;bunker;306.00;12.20;286.00;4.92;0
40;bunker;366.00;11.10;220.00;0.19;0
40;bunker;310.00;10.78;211.00;2.86;0
40;bunker;195.00;10.07;196.00;0.70;0
40;bunker;304.00;11.90;300.00;1.91;0
40;bunker;286.00;9.80;170.00;4.93;0
40;coastal_bunker;338.00;9.50;151.00;-0.03;0
40;coastal_bunker;206.00;9.50;173.00;-0.62;0
40;coastal_bunker;308.00;9.50;157.00;-0.08;0
40;coastal_bunker;136.00;9.50;222.00;-0.96;0
40;coastal_bunker;374.00;9.50;138.00;-0.17;0
40;coastal_bunker;172.00;9.50;186.00;-0.54;0
40;dockyard;406.00;9.50;134.00;-0.17;0
40;anti_air_building;373.00;11.43;244.00;0.36;0
40;anti_air_building;313.00;11.75;268.00;4.48;0
40;anti_air_building;269.00;11.40;312.00;0.86;0
40;synthetic_refinery;184.00;10.48;292.00;3.88;0
40;fuel_silo;389.00;10.73;294.00;5.09;0
40;radar_station;284.00;12.65;266.00;3.47;0
40;rocket_site;340.00;10.65;188.00;5.59;0
40;nuclear_reactor;349.00;9.80;152.00;0.87;0
41;arms_factory;835.00;10.60;269.00;3.73;0
41;arms_factory;718.00;11.35;277.00;3.84;0
41;arms_factory;755.00;11.70;276.00;1.68;0
41;arms_factory;864.00;12.70;235.00;5.80;0
41;arms_factory;708.00;10.10;212.00;0.72;0
41;arms_factory;803.00;10.85;150.00;3.74;0
41;industrial_complex;808.00;12.23;362.00;0.12;0
41;industrial_complex;651.00;11.18;342.00;4.25;0
41;industrial_complex;688.00;10.73;309.00;4.35;0
41;industrial_complex;727.00;11.80;294.00;2.19;0
41;industrial_complex;794.00;11.12;207.00;4.85;0
41;industrial_complex;729.00;10.40;246.00;1.23;0
41;air_base;764.00;10.60;352.00;2.79;0
41;naval_base;714.00;9.50;152.00;-0.30;752
41;naval_base;855.00;9.50;125.00;0.09;752
41;naval_base;804.00;9.50;130.00;0.00;752
41;naval_base;664.00;9.50;162.00;0.03;752
41;bunker;664.00;10.60;230.00;3.90;0
41;bunker;732.00;10.45;187.00;1.74;0
41;bunker;785.00;10.78;234.00;4.41;0
41;bunker;849.00;12.70;242.00;5.97;0
41;bunker;661.00;10.50;364.00;2.35;0
41;bunker;771.00;11.00;257.00;0.19;0
41;bunker;835.00;9.85;322.00;1.39;0
41;bunker;806.00;11.60;372.00;4.42;0
41;bunker;733.00;11.60;278.00;2.26;0
41;bunker;713.00;10.85;312.00;4.92;0
41;bunker;686.00;10.35;207.00;0.19;0
41;bunker;884.00;12.18;225.00;2.86;0
41;bunker;840.00;10.65;168.00;0.70;0
41;bunker;769.00;10.70;168.00;1.91;0
41;bunker;695.00;10.60;383.00;4.93;0
41;bunker;886.00;12.50;245.00;1.31;0
41;bunker;809.00;10.55;144.00;3.97;0
41;bunker;821.00;10.90;170.00;0.35;0
41;coastal_bunker;861.00;9.50;125.00;0.09;0
41;coastal_bunker;791.00;9.57;132.00;0.00;0
41;coastal_bunker;754.00;9.50;141.00;-0.30;0
41;coastal_bunker;664.00;9.50;162.00;0.03;0
41;dockyard;786.00;9.50;134.00;0.00;0
41;anti_air_building;748.00;10.70;326.00;4.48;0
41;anti_air_building;882.00;12.73;247.00;0.86;0
41;anti_air_building;786.00;10.78;372.00;3.88;0
41;synthetic_refinery;770.00;11.00;178.00;5.09;0
41;fuel_silo;831.00;11.28;180.00;2.93;0
41;radar_station;796.00;11.05;270.00;4.94;0
41;rocket_site;710.00;10.55;381.00;0.87;0
41;nuclear_reactor;681.00;11.05;354.00;4.99;0
42;arms_factory;979.00;9.88;172.00;1.68;0
42;arms_factory;1031.00;10.20;175.00;5.80;0
42;arms_factory;1200.00;12.40;228.00;0.72;0
42;arms_factory;1058.00;12.07;223.00;3.74;0
42;arms_factory;1033.00;12.70;269.00;0.12;0
42;arms_factory;1169.00;12.10;261.00;4.25;0
42;industrial_complex;1176.00;11.28;186.00;4.35;0
42;industrial_complex;1092.00;11.05;284.00;2.19;0
42;industrial_complex;1122.00;10.90;186.00;4.85;0
42;industrial_complex;1092.00;10.98;324.00;1.23;0
42;industrial_complex;1023.00;10.00;147.00;2.79;0
42;industrial_complex;942.00;10.80;253.00;0.63;0
42;air_base;1036.00;13.05;309.00;3.30;0
42;naval_base;1216.00;9.80;139.00;-0.02;764
42;naval_base;1098.00;9.50;121.00;0.00;764
42;naval_base;1147.00;9.50;132.00;0.45;764
42;naval_base;1224.00;9.50;140.00;-0.34;764
42;naval_base;1049.00;9.53;127.00;-0.28;764
42;naval_base;1028.00;9.50;135.00;0.21;764
42;naval_base;911.00;9.50;130.00;-0.42;752
42;bunker;1187.00;12.35;237.00;0.19;0
42;bunker;1036.00;11.85;221.00;1.39;0
42;bunker;1137.00;10.43;289.00;4.42;0
42;bunker;1190.00;12.48;266.00;2.26;0
42;bunker;986.00;9.90;146.00;4.92;0
42;bunker;984.00;11.60;247.00;0.19;0
42;bunker;1024.00;13.00;299.00;2.86;0
42;bunker;1027.00;10.85;211.00;0.70;0
42;bunker;1240.00;11.00;261.00;1.91;0
42;bunker;906.00;9.93;148.00;4.93;0
42;bunker;1075.00;11.88;334.00;1.31;0
42;bunker;1245.00;10.95;203.00;3.97;0
42;bunker;1107.00;10.40;155.00;0.35;0
42;bunker;1148.00;11.23;208.00;3.37;0
42;bunker;1093.00;10.95;247.00;6.04;0
42;bunker;1288.00;11.03;225.00;2.42;0
42;bunker;1204.00;11.65;201.00;0.26;0
42;bunker;926.00;9.85;196.00;0.36;0
42;bunker;1321.00;9.80;143.00;4.48;0
42;bunker;1142.00;11.00;154.00;0.86;0
42;bunker;1075.00;10.50;173.00;3.88;0
42;coastal_bunker;1133.00;9.80;131.00;0.00;0
42;coastal_bunker;1055.00;9.50;124.00;-0.28;0
42;coastal_bunker;1185.00;9.60;134.00;-0.02;0
42;coastal_bunker;1013.00;9.50;134.00;0.21;0
42;coastal_bunker;1273.00;9.50;145.00;-0.34;0
42;coastal_bunker;898.00;9.50;129.00;-0.42;0
42;coastal_bunker;1160.00;9.50;132.00;0.45;0
42;dockyard;1265.00;9.50;145.00;-0.34;0
42;anti_air_building;975.00;9.73;214.00;3.44;0
42;anti_air_building;1001.00;10.50;175.00;4.64;0
42;anti_air_building;1125.00;10.70;284.00;2.48;0
42;synthetic_refinery;1200.00;11.18;179.00;4.05;0
42;fuel_silo;1111.00;10.75;185.00;0.43;0
42;radar_station;1105.00;10.68;245.00;4.42;0
42;rocket_site;1261.00;10.43;182.00;6.11;0
42;nuclear_reactor;1014.00;12.73;258.00;3.95;0